tree
version=v4
num_class=1
num_tree_per_iteration=1
label_index=0
max_feature_idx=224
objective=regression
feature_names=Open High Low Close Volume ma_5 ma_10 ma_20 ma_60 ma_120 ma_250 ma_5_bias ma_20_bias ma_60_bias ema_12 ema_26 ma_bullish ma_5_10_cross ma_10_20_cross return_1d return_5d return_10d return_20d return_60d momentum_10 momentum_20 momentum_60 roc_10 roc_20 momentum_accel volatility_5d volatility_20d volatility_60d atr_14 atr_14_pct volatility_change intraday_range intraday_range_ma rsi_6 rsi_14 rsi_overbought rsi_oversold rsi_divergence macd macd_signal macd_hist macd_cross macd_hist_trend kdj_k kdj_d kdj_j kdj_cross kdj_overbought kdj_oversold bb_middle bb_upper bb_lower bb_width bb_position bb_breakout_upper bb_breakout_lower volume_ma_5 volume_ma_20 volume_ma_60 volume_ratio volume_change volume_surge volume_shrink volume_price_confirm obv obv_ma body_size upper_shadow_pct lower_shadow_pct is_doji is_hammer is_inv_hammer consecutive_up consecutive_down near_high_20 near_low_20 near_high_60 near_low_60 blue_daily blue_weekly blue_monthly fund_market_cap fund_market_cap_log fund_cap_small fund_cap_mid fund_cap_large fund_industry_hash fund_has_market_cap fund_pe_ttm fund_pe_fwd fund_pb fund_ps fund_ev_ebitda fund_dividend_yield fund_beta fund_roe fund_roa fund_profit_margin fund_current_ratio fund_quick_ratio fund_debt_to_equity fund_revenue_growth fund_earnings_growth fund_target_upside fund_has_external adv_roc_5 adv_rs_5_20 adv_price_position_20 adv_price_position_60 adv_momentum_acceleration adv_volatility_10 adv_volatility_20 adv_volatility_60 adv_atr_pct adv_vol_ratio adv_true_range_pct adv_upper_wick adv_lower_wick adv_relative_volume_5 adv_relative_volume_20 adv_vol_price_up adv_obv_slope_10 adv_vol_deviation adv_volume_momentum adv_ma_distance_10 adv_ma_distance_20 adv_ma_distance_60 adv_ma_slope_10 adv_ma_slope_20 adv_ma_alignment adv_adx_14 adv_trend_consistency adv_body_direction adv_shadow_ratio adv_above_20d_high adv_below_20d_low adv_momentum_volatility adv_trend_volume_interaction adv_trend_strength_direction adv_tv_supertrend_dir adv_tv_supertrend_dist adv_tv_ichimoku_tenkan adv_tv_ichimoku_kijun adv_tv_ichimoku_cloud adv_tv_ichimoku_above_cloud adv_tv_stochrsi_k adv_tv_stochrsi_d adv_tv_sar_dir adv_tv_sar_dist adv_tv_kama_dist adv_tv_kama_slope adv_tv_aroon_up adv_tv_aroon_down adv_tv_aroon_osc adv_tv_squeeze_on adv_tv_squeeze_mom adv_tv_hull_dist adv_tv_hull_slope adv_tv_trix adv_tv_cmo adv_tv_ultosc adv_tv_bop adv_tv_plus_di adv_tv_minus_di adv_tv_di_spread adv_tv_ht_trendmode adv_tv_ht_sine adv_tv_ht_dcperiod adv_tv_willr a158_bias_5 a158_bias_10 a158_bias_20 a158_bias_60 a158_rsi_12 a158_rsi_24 a158_macd_dif a158_macd_dea a158_macd_dif_pct a158_kdj_k_9 a158_kdj_d_9 a158_kdj_j_9 a158_kdj_k_14 a158_kdj_d_14 a158_kdj_j_14 a158_bband_width_20 a158_bband_pctb_20 a158_bband_upper_dist_20 a158_bband_lower_dist_20 a158_vwap_bias a158_return_skew_20 a158_return_kurt_20 a158_return_mean_20 a158_return_std_20 a158_return_skew_60 a158_return_kurt_60 a158_return_mean_60 a158_return_std_60 a158_vol_skew_20 a158_up_ratio_20 a158_gap a158_gap_abs a158_gap_sum_5 a158_turnover_chg_5 a158_turnover_chg_20 a158_vol_ma5_ma20_ratio a158_willr_14 a158_willr_28 a158_cci_14 a158_cci_20 a158_mfi_14 a158_high_low_ratio_5 a158_price_efficiency_5 a158_high_low_ratio_20 a158_price_efficiency_20 a158_corr_close_vol_10 a158_corr_ret_vol_10 a158_corr_close_vol_20 a158_corr_ret_vol_20 a158_strong_day_ratio_10 a158_chaikin_vol
feature_infos=[0.0287:5.8499999999999996] [0.030800000000000001:6] [0.025600000000000001:4.9299999999999997] [0.029250000000000002:4.9900000000000002] [463.54129999999998:1000000] [0.042190000000000005:5.9924599999999995] [0.067519999999999997:6.2554999999999996] [0.11644999999999998:6.6365399999999992] [0.13520833333333335:9.8182099999999988] [0:12.505816666666668] none [-83.951934239011081:172.18484798060234] [-92.020678037768789:298.2204397758544] [-96.796314026941999:596.20871064885671] [0.090031288079260113:6.2612731221519837] [0.11986436889564725:6.8565847396826198] [0:1] [-2:2] [-2:2] [-83.82352941176471:482.10472801220129] [-91.346534653465355:3239.882121807465] [-96.29658792650919:2566.6666666666665] [-99.354375896700148:2577.0538243626065] [-97.770294380017845:2917.4563591022443] [0.037034120734908138:26.666666666666664] [0.0064562410329985654:26.770538243626063] [0.022297056199821585:30.174563591022444] [-96.296587926509176:2566.666666666667] [-99.354375896700148:2577.0538243626065] [-12.753975053929759:3.6850342782451833] [0:31139.976938960241] [9.2879335528266864:19266.658506712767] [17.195751657726973:36332.671379667685] [0.0071142857142857136:1.8868857142857143] [1.0813253012048236:437.92040661836273] [0.0030388414134205344:1.7337013952645115] [0:473.6328125] [0.57811607346759153:78.394751193225687] [0:99.999999948717942] [2.3809523769841405:92.611852407838199] [0:1] [0:1] none [-1.8876530635060909:1.0983415763017192] [-2.4638316484043079:1.3186317592952979] [-0.53817346251242659:0.57617858489821705] [-2:2] [-0.17363666852275772:0.11789300391028112] [0.86831382445318195:92.661022709501239] [2.5820267353489026:87.998400017949024] [-19.058970834697973:117.87429729500138] [-2:2] [0:1] [0:1] [0.11644999999999998:6.6365399999999992] [0.14305466645282644:11.002504230557559] [-4.6450778100377068:5.4193706067161429] [2.7728264398135303:895.22785113014459] [-0.52092446601387354:1.50297177417387] [0:1] [0:1] [885.63735999999994:1000000] [1219.6500000000001:1000000] [3290.2166666666667:1000000] [0.0083583109662291842:4.9783522274493563] [-0.98450260749778606:907.31717045198195] [0:1] [0:1] [0:1] [-1000000:1000000] [-1000000:1000000] [0:451.75781249999989] [0:61.111111111111107] [0:35.81710414902625] none [0:1] [0:1] [0:8] [0:10] [0:1] [0:1] none [0:1] [0:200] [0:200] [0:200] [0:1000000] [0:22.733230014925823] [0:1] none none [0:0.98969072164948457] [0:1] none none none none none none none none none none none none none none none none none [-91.346534653465341:3239.8821218074659] [-12578.066780374225:146.01769911504437] [0:99.86857668550401] [0:99.23928077455048] [-32.236460717009912:32.689907569049581] [5.8458407177259453:22018.216586190516] [9.2879335528266864:19266.658506712767] [17.195751657726973:36332.671379667685] [1.0813253012048236:437.92040661836273] [0.0030257873127166983:2.4543536344592813] [0.18832391713747473:523.5151515151515] [0:61.111111111111107] [0:35.81710414902625] [0.0083583109662291842:4.9783522274493563] [0.0014101777199009697:19.203580732617041] [0:1] [-1000000:1000000] [-99.858979225079921:1820.3580816809549] [-99.810358815479745:132593.01429951016] [-86.681941858799945:208.18507253788385] [-92.020678037768789:298.2204397758544] [-96.796314026941999:596.20871064885671] [-81.72076506136689:1248.7095002745746] [-76.838867632429839:472.5488098422037] [-1:1] [3.4847031272174718:89.063899808922201] [0:100] [-1:1] [0:0.99777084262148907] none [0:1] [-0.69806614154030378:0.87276883686182316] [-1529.9160375729189:1126.2173999192119] [-89.063899808922201:83.878422034280248] [-1:1] [-1801.3572725116981:798.8793192053331] [-1075.7689549310373:34.061135222440456] [-9724.3577276464457:35.219476641803844] [-1:1] [-1:1] [0:100.00000000000001] [-6.6317322004276022e-14:100.00000000000006] [-1:1] [-2504.8951604043577:87.810099295234707] [-5244.629560786494:67.009817601713294] [-323.28857376121334:93.259024570320676] [0:100] [0:100] [-100:100] [0:1] [-8.9735586857142877:7.5759540142857169] [-639.46419464181849:410.88834881369615] [-3129.6479938193497:1361.009679298493] [-6.9257950875626806:16.847107197952084] [-75.866453960172834:82.68803040541826] [11.358994928968194:78.119550342959272] [-1:1] [4.7060735054923351:67.595612082725481] [0.81332272204473388:59.844130921570738] [-51.475115431140615:63.223172094869796] [0:1] [-0.99999626286300292:0.99999972937585913] [11.909562679687692:45.524184026524836] [-99.999999999999986:0] [-83.951932922035382:172.18484593404747] [-86.681940730319837:208.18506973615763] [-92.020675527469322:298.22043676170529] [-96.796312966753987:596.20870011368675] [0.20248763581572859:93.859639242845006] [3.3514868854810089:90.896801702440698] [-1.8876530635060909:1.0983415763017192] [-2.4638316484043079:1.3186317592952979] [-849.33860824656313:38.157912250119637] [0.86831381860865475:92.661021722952071] [2.5820266591372554:87.998399387622072] [-19.058970094685492:117.87429398227678] [0.41362076567528949:93.052908061902571] [1.2962217863275132:90.178543723445671] [-19.774217009688854:122.6441470757517] [2.7728264232228428:895.22784443071612] [-0.52092445842464852:1.5029717167752614] [-34.844960693945417:6656.8116753061322] [-214.88162835385464:4389.0834451794672] [-92.286075498466289:1663.1482471591153] [-3.9436740231682172:4.4716877464167482] [-1.5419325717367662:19.997197404573523] [-14.508103457629238:264.74141103092757] [0.58508481843980975:1213.685404856406] [-5.1805948821020396:7.7442665202263896] [-0.84884221558422279:59.982144314826229] [-4.7114398274067169:291.85378404850218] [1.0832305355517202:2288.7431651722545] [-0.77941201714417452:0.98808052519484524] [10:70] [-56.979261622430776:512.60801950665928] [0:512.60801950665928] [-97.225549348531132:4835.0758863084211] [-0.99164168903377081:3.9783522274493563] [-0.99858982228009907:18.203580732617041] [0.00197675936180492:3.992843187380605] [-99.999999745404551:0] [-99.999999749335743:0] [-432.12912537770222:422.48149925977566] [-580.18978621608551:517.95772322257892] [0.66841565726393526:99.335230062749403] [0.60240903251560507:3116.4632920555141] [0:0.99999999681528662] [3.6363630082644649:15465.747648751514] [0:0.94298013088910571] [-0.99552363807420907:0.99474251725564089] [-0.99232732054291328:0.99123912843072282] [-0.9555511174526895:0.91915587281826749] [-0.9580037186250191:0.98596990463082224] [0:70] [-84.86923263973928:3684.5535314670237]
tree_sizes=3032 2950 3188 3024 3175 3196 3102 3181 3199 3127 3118 3200 3212 3118 3037 3210 3217 3363 3225 3217 3032 3024

Tree=0
num_leaves=36
num_cat=0
split_feature=0 23 222 167 168 45 160 200 132 172 195 115 111 4 153 84 23 186 62 119 217 187 115 13 126 160 61 36 154 209 174 167 8 179 198
split_gain=3.87503e+08 593406 13239.2 31036.2 12550.4 6520.24 5072.95 7927.22 6355.74 18901.8 4578.62 5872.32 4395.83 4336.18 3017.53 2832.42 3191.38 1751.89 2742.96 2867.52 2353.04 1964.37 2940.28 1729.47 1649.83 1638.54 1270.03 999.819 1121.47 962.167 947.03 736.665 449.492 413.222 383.451
threshold=0.12762500000000002 -77.559916046628146 0.34690260232345294 17.610162645472325 37.518843482501723 -0.084909438644742471 0.3556517500000001 14.681344904412647 -10.48480579527393 24.610808024112966 -0.72328950304960504 59.119679002675653 0.62111227356631205 129195.89800000002 -38.134863615776545 162.50250000000003 -42.318153940509042 11.269123031460355 48456.445975000002 0.57912584340691642 68.668361128558004 34.909432585756946 75.267438332261847 -8.5895933262626833 17102.698049999788 0.1234892857142857 8214.021660000004 8.5456561722384574 -21.272359014876709 0.74540542072676919 0.71823523779764709 17.084783081284268 2.8589933333333337 33.153332996043943 0.48130808421611776
decision_type=2 2 2 2 2 2 2 2 2 2 2 2 2 2 2 2 2 2 2 2 2 2 2 2 2 2 2 2 2 2 2 2 2 2 2
left_child=-1 -2 4 -4 5 14 7 8 9 -7 11 -10 13 24 -3 17 -17 18 -12 -20 21 26 30 -24 -5 -15 -19 29 -29 33 32 34 -23 -28 -31
right_child=1 2 3 12 -6 6 -8 -9 10 -11 15 -13 -14 25 -16 16 -18 20 19 -21 -22 22 23 -25 -26 -27 27 28 -30 31 -32 -33 -34 -35 -36
leaf_value=243.27529484885076 78.079095923108241 71.210808523642854 73.737305971521664 72.172889715883841 72.933459102315084 71.803081069139466 72.731683401080318 71.295271235838456 72.058814629065822 73.34212132259465 71.864161615952057 72.98422237251981 72.779161687044137 71.626364185162217 71.919978222993848 71.362562459456754 72.028838091547442 72.289956905193961 72.791432178962069 72.168287382272709 71.730220461550445 72.245082762528469 72.162981769016739 72.6426810985853 72.681610967465076 72.101248814879284 72.030768388903624 72.021787196531818 71.629154006208992 71.919511844463983 71.886163138569913 71.756657505326757 72.028274848343102 72.267075027879017 72.132643500051074
leaf_weight=34 44 30 43 34 44 42 31 31 40 38 33 30 30 39 30 32 41 30 30 48 59 51 34 42 30 34 37 31 44 51 57 44 45 37 36
leaf_count=34 44 30 43 34 44 42 31 31 40 38 33 30 30 39 30 32 41 30 30 48 59 51 34 42 30 34 37 31 44 51 57 44 45 37 36
internal_value=76.5603 72.3678 72.1757 72.5394 72.1061 72.0716 72.1021 72.0819 72.108 72.5341 72.068 72.4554 72.231 72.1109 71.5654 72.0333 71.7368 72.0639 72.2463 72.408 72.03 72.0628 72.1739 72.4281 72.4114 71.8475 71.9808 71.9476 71.7914 72.0048 72.0476 71.9234 72.1435 72.1489 72.0077
internal_weight=1386 1352 1308 210 1098 1054 994 963 932 80 852 70 167 137 60 782 73 709 111 78 598 539 229 76 64 73 310 280 75 205 153 131 96 74 87
internal_count=1386 1352 1308 210 1098 1054 994 963 932 80 852 70 167 137 60 782 73 709 111 78 598 539 229 76 64 73 310 280 75 205 153 131 96 74 87
is_linear=0
shrinkage=1


Tree=1
num_leaves=34
num_cat=0
split_feature=0 26 222 158 155 217 145 63 22 203 128 147 145 3 9 193 35 119 21 115 114 204 171 161 135 206 206 70 195 148 56 135 205
split_gain=3.49721e+08 535548 11948.4 34574.1 9506 16877.2 10081.7 8006.94 6566.13 4570.18 4267.83 3532.84 2892.15 4689.04 2736.42 2575.77 1326.66 2825.9 1557.14 1431.59 1215.93 1457.11 1126.72 967.284 766.693 975.414 687.362 650.735 596.376 683.248 530.15 453.608 431.005
threshold=0.12762500000000002 0.22440083953371845 0.34690260232345294 -73.999999999999986 -10.185929166954311 119.69045851650257 55.572273596715668 67492.689033333343 12.956109757094316 32.500000000000007 592.59730783981411 -23.674830383172864 33.003936010871591 0.57055000000000011 1.9558945833333332 -0.33318777539374134 0.52764648583058682 0.4944558696652509 -6.6273181398825196 95.225592307137404 -0.047782995930501608 1.1025458520622584 0.75864452160054596 1.1871386760263716 17.115296716941838 -4.7400441427855249 -6.5171763981415793 118439.20127500001 1.6256166444980875 1.0000000180025095e-35 2.0803586439239132 31.64443457525017 0.77487368107001753
decision_type=2 2 2 2 2 2 2 2 2 2 2 2 2 2 2 2 2 2 2 2 2 2 2 2 2 2 2 2 2 2 2 2 2
left_child=-1 -2 4 -4 5 7 8 -3 10 -9 12 -5 13 -6 -14 -13 -15 18 -18 20 21 26 23 -17 -22 -26 -19 -28 29 30 -27 -31 -29
right_child=1 2 3 11 6 -7 -8 9 -10 -11 -12 15 14 16 -16 22 17 19 -20 -21 24 -23 -24 -25 25 28 27 32 -30 31 -32 -33 -34
leaf_value=158.90150225022262 1.9651117216457021 -2.9532412774222241 -2.1648000114104327 -4.1214704629146697 -3.1669125569494145 -2.3304377184249461 -4.6440444469451903 -4.1846833308537805 -3.1379981063133062 -3.5141514557379261 -4.2396817331728727 -3.1828763140572445 -4.2322250921075995 -3.9643464557195118 -3.7334611615267672 -3.6076361592610677 -3.1356055974960331 -3.6085666540897252 -3.6450395202636723 -3.5195158037088685 -3.900407421588898 -4.1568149968197474 -3.4331073633829754 -4.0091508611043301 -3.4822612061792491 -3.7072895050048831 -4.0510205381056847 -3.9130722397252136 -3.8914237594604497 -3.6694169752059445 -3.462466700484113 -3.9338687560137582 -3.6819576307784683
leaf_weight=34 44 35 51 33 38 32 32 48 43 54 46 36 55 59 55 30 30 33 30 59 48 38 30 30 49 48 34 38 45 31 41 34 43
leaf_count=34 44 35 51 33 38 32 32 48 43 54 46 36 55 59 55 30 30 33 30 59 48 38 30 30 49 48 34 38 45 31 41 34 43
internal_value=0.522286 -3.46062 -3.64314 -3.29759 -3.70923 -3.3643 -3.77198 -3.60578 -3.74087 -3.8297 -3.77122 -3.66094 -3.74455 -3.707 -3.98284 -3.54032 -3.7381 -3.71589 -3.39032 -3.75199 -3.78045 -3.88063 -3.6833 -3.80839 -3.7175 -3.68209 -3.80972 -3.86744 -3.7313 -3.68451 -3.59451 -3.80775 -3.79038
internal_weight=1386 1352 1308 210 1098 169 929 137 897 102 854 159 808 698 110 126 660 601 60 541 482 186 90 60 296 248 148 115 199 154 89 65 81
internal_count=1386 1352 1308 210 1098 169 929 137 897 102 854 159 808 698 110 126 660 601 60 541 482 186 90 60 296 248 148 115 199 154 89 65 81
is_linear=0
shrinkage=0.05


Tree=2
num_leaves=37
num_cat=0
split_feature=0 23 145 63 161 155 217 215 83 182 117 172 147 224 154 117 43 192 215 34 38 209 217 158 213 172 187 220 117 209 72 3 65 156 163 164
split_gain=3.15623e+08 483332 10490.5 38814.8 10061.6 21886.1 7281.87 7269.38 6664.53 4547.76 3749.98 6676.05 4633.64 3707.77 4373 4064.07 2807.14 2753.01 2523.17 2151.62 2066.85 1936.65 1721.38 1621.13 1555.51 1176.2 1134.96 1079.39 1962.2 768.616 517.317 496.356 676.672 601.743 336.545 306.556
threshold=0.12762500000000002 -77.559916046628146 -27.487375634164469 90414.162745833353 4.0586815196731889 -10.185929166954311 30.665141151889056 57.952854856005992 100.10000000000001 -5.2794130215220525 60.954769442601396 17.354434122798974 -21.318417562427246 8.1703859484971932 -21.580423995161084 75.051051252005678 0.026851581389454097 26.940947607199586 14.317680766793417 11.993603463589375 7.8176725182121354 0.8085150435956896 52.198809442302867 -77.999999999999986 -117.51212906049587 16.257972462515951 70.031200983450574 0.11440806436916894 80.32630418793336 0.87005558931234706 1.3506756756756786 4.245000000000001 -0.20112190941765481 18.000000000000004 -0.33201354544578615 -22.99529361094903
decision_type=2 2 2 2 2 2 2 2 2 2 2 2 2 2 2 2 2 2 2 2 2 2 2 2 2 2 2 2 2 2 2 2 2 2 2 2
left_child=-1 -2 3 -3 7 -6 -7 9 23 13 25 -12 -13 14 15 -4 17 29 -16 26 -17 -20 -22 -5 -24 -11 27 30 -29 -8 -14 32 33 -27 -34 -36
right_child=1 2 4 8 5 6 16 -9 -10 10 11 12 19 -15 18 20 -18 -19 21 -21 22 -23 24 -25 -26 31 -28 28 -30 -31 -32 -33 34 -35 35 -37
leaf_value=150.95642682243798 1.8668561892075972 -1.45739768187205 -2.9517520725727082 -3.5808560307820638 -2.1958630718810617 -2.7524797856807712 -3.6622742136319482 -4.1801873405774437 -2.9875279629552689 -3.8686779948643277 -2.8161432747747384 -3.977724990844727 -3.67037467956543 -4.0612035819462369 -3.6068836940418594 -3.9437389818827313 -3.149285314160009 -4.0181935519706915 -4.3611168797810871 -2.9786577492952349 -3.7055707347636324 -3.8060458790172227 -3.0907270961337621 -4.1006518999735517 -3.5659780964706886 -3.2265600013732909 -3.6990295225574124 -2.9957762813568118 -3.4910285711288456 -3.3712088429650593 -3.3834941517223012 -3.7148404598236087 -3.7194577217102052 -3.535965711420233 -3.4096700922648111 -3.6160125520494248
leaf_weight=34 44 30 32 30 43 32 48 48 37 35 51 35 30 56 55 30 31 41 30 32 49 33 36 30 33 30 31 40 40 43 33 40 36 33 30 45
leaf_count=34 44 30 32 30 43 32 48 48 37 35 51 35 30 56 55 30 31 41 30 32 49 33 36 30 33 30 31 40 40 43 33 40 36 33 30 45
internal_value=0.496172 -3.28759 -3.46098 -3.02918 -3.50742 -3.21692 -3.44207 -3.58074 -3.5153 -3.54859 -3.45742 -3.33585 -3.44583 -3.68792 -3.61777 -3.46269 -3.57745 -3.67801 -3.85434 -3.35546 -3.57317 -4.07037 -3.47895 -3.84075 -3.31802 -3.59997 -3.42476 -3.36531 -3.2434 -3.52474 -3.5201 -3.55602 -3.51951 -3.38863 -3.59379 -3.53348
internal_weight=1386 1352 1308 127 1181 238 195 943 97 895 541 292 241 354 298 180 163 132 118 206 148 63 118 60 69 249 174 143 80 91 63 214 174 63 111 75
internal_count=1386 1352 1308 127 1181 238 195 943 97 895 541 292 241 354 298 180 163 132 118 206 148 63 118 60 69 249 174 143 80 91 63 214 174 63 111 75
is_linear=0
shrinkage=0.05


Tree=3
num_leaves=35
num_cat=0
split_feature=1 23 153 222 158 209 19 23 62 217 171 37 111 70 218 72 29 126 132 23 47 164 153 114 56 215 29 63 21 39 56 161 153 209
split_gain=2.90077e+08 368823 14487.9 12777.2 35161 10197.5 7812.04 5305 13587.9 6197.51 4143.37 3802.53 2979.82 2074.73 1820.4 1823.07 1735.07 1641.68 1483.22 1080.83 996.689 1222.95 2355.86 941.191 1099.7 1160.65 824.615 784.821 858.33 754.28 706.894 605.768 325.846 308.145
threshold=0.13540000000000005 -77.559916046628146 -92.873015445507662 0.34690260232345294 -73.999999999999986 0.15878451993441126 -6.0559731575452904 -52.847394326124665 71088.409100000019 70.151503362828535 -0.13670749053130435 10.671508433039721 0.335552517123134 -181714.782125 0.60247812623304331 4.9790727623953694 0.031938847863264737 -6777.12930000089 -6.3831992062617191 -34.295913548351244 0.0009195579872058186 -18.480250883764679 -9.1762837155232102 -0.047782995930501608 2.0803586439239132 12.899347442926491 -0.026628798879573031 387964.75267916673 -10.876959479443947 29.649979596355291 1.3469449189948242 -3.0041798500036081 10.409970745931226 0.88898203801737352
decision_type=2 2 2 2 2 2 2 2 2 2 2 2 2 2 2 2 2 2 2 2 2 2 2 2 2 2 2 2 2 2 2 2 2 2
left_child=-1 -2 6 5 -5 -4 -3 8 -7 11 -11 14 16 -10 15 18 26 -12 19 -9 21 27 -23 -22 32 -26 -6 28 -20 -29 -24 -30 -25 -32
right_child=1 2 3 4 12 7 -8 9 13 10 17 -13 -14 -15 -16 -17 -18 -19 20 -21 23 22 30 24 25 -27 -28 29 31 -31 33 -33 -34 -35
leaf_value=144.71417922973635 1.4004021533699924 -3.479797297908414 -2.555184330791235 -1.6889500501363175 -3.4457538855703258 -2.1344462744394939 -4.5934934914112091 -2.9661975467205046 -3.04379020690918 -4.2581399733020415 -3.7863783958630686 -2.8530169732230051 -2.970936993280934 -3.5641348604886036 -3.7613211724065962 -3.6467942740700461 -3.7475324694315599 -3.3072062925858932 -3.1409164707835129 -3.3091121391013818 -3.6997459305657281 -2.9406570776998997 -3.1781348880968601 -3.4721861417903455 -3.4318417465477662 -3.0517011519401307 -3.0950847053527832 -3.7272526295979818 -3.5652618897266879 -3.4165600640433178 -3.3493740367889404 -3.3034876842124792 -3.6868914922078453 -3.5541098426370064
leaf_weight=34 43 31 40 46 38 30 32 40 30 31 39 35 55 53 31 55 30 33 41 54 36 50 38 43 57 31 30 30 39 56 40 51 30 34
leaf_count=34 43 31 40 46 38 30 32 40 30 31 39 35 55 53 31 55 30 33 41 54 36 50 38 43 57 31 30 30 39 56 40 51 30 34
internal_value=0.471363 -3.15605 -3.30572 -3.26832 -2.90106 -3.33812 -4.04548 -3.36922 -3.04643 -3.41002 -3.77484 -3.36252 -3.26548 -3.37606 -3.38611 -3.37006 -3.43079 -3.56676 -3.34735 -3.16319 -3.3774 -3.32998 -3.22603 -3.46863 -3.41695 -3.29793 -3.29105 -3.40758 -3.33054 -3.52494 -3.35343 -3.41692 -3.56042 -3.44344
internal_weight=1386 1352 1309 1246 199 1047 63 1007 113 894 103 791 153 83 756 725 98 72 670 94 576 379 162 197 161 88 68 217 131 86 112 90 73 74
internal_count=1386 1352 1309 1246 199 1047 63 1007 113 894 103 791 153 83 756 725 98 72 670 94 576 379 162 197 161 88 68 217 131 86 112 90 73 74
is_linear=0
shrinkage=0.05


Tree=4
num_leaves=37
num_cat=0
split_feature=0 23 219 15 8 4 32 23 206 4 218 220 71 206 147 221 6 111 4 20 36 171 181 133 83 6 160 49 49 8 163 13 32 31 72 30
split_gain=2.58461e+08 344874 10029.3 16630.1 31525.2 14859.1 7921.21 7094.76 9271.7 4625.23 4071.7 3531.04 2782.51 2673.08 2596.02 2556.77 2348.6 2198.61 2002.17 1919.25 1616.85 1550.54 1494.81 2422.81 1538.79 1118.77 1049.13 962.039 1026.08 939.503 883.083 875.336 786.837 587.686 492.428 469.379
threshold=0.12762500000000002 -77.559916046628146 0.20084151373926815 1.516472827176603 1.4983408333333335 45871.877000000008 188.61906181787938 -56.270695364238399 -2.4254783720769235 423861.67000000004 0.63153473631826584 -0.19995392219018454 2.0044642857142851 -1.2408753074842844 -23.674830383172864 0.36273768618052099 1.7560000000000004 0.95517338538069463 138433.50000000003 -4.4675521821631969 8.0984466717695831 0.57601907440071931 -0.098451847238544957 -5.6033186888240847 106.33200000000001 1.7155000000000002 -0.13759535714285701 20.672950837819915 46.524196807974931 2.2860833333333339 -0.68892834767955147 -6.1820262349343009 63.357736549734632 44.871660493326694 1.7714805749074307 55.155344863040391
decision_type=2 2 2 2 2 2 2 2 2 2 2 2 2 2 2 2 2 2 2 2 2 2 2 2 2 2 2 2 2 2 2 2 2 2 2 2
left_child=-1 -2 6 4 5 -4 7 8 -3 25 13 -5 26 15 -7 17 -14 22 -18 20 -15 -20 24 -24 30 -8 -13 -21 34 -22 -9 -16 33 -25 -29 -34
right_child=1 2 3 11 -6 14 9 10 -10 -11 -12 12 16 19 31 -17 18 -19 21 27 29 -23 23 32 -26 -27 -28 28 -30 -31 -32 -33 35 -35 -36 -37
leaf_value=136.60322077134077 1.3777801470323043 -3.2296276608028927 -2.0692882430553436 -2.686795560916265 -1.2883961784212214 -3.5411347680621676 -3.6357756932576502 -3.3717299037509494 -2.076862690665505 -4.1201654780994765 -3.7398920004708431 -3.6815459614708312 -3.5377920277913413 -3.251139595197595 -3.1727717768062247 -2.7973356074300306 -2.8015207996368408 -2.8546290834744772 -3.4195792293548588 -2.9541734587401152 -3.8429998016357425 -2.9440584532419845 -3.6129037235094152 -3.1532841467088271 -2.7921759659903391 -3.2339685928530812 -3.2944079844156904 -3.2704301691055302 -3.0971569361510101 -3.4472931162516276 -3.0238893972860801 -2.832113031546275 -2.9216173998514812 -3.4522349657331199 -3.5359270895681072 -3.1929623547722312
leaf_weight=34 44 37 40 30 38 36 30 36 33 33 35 42 30 46 44 58 50 51 40 32 30 30 46 31 35 41 30 40 54 30 37 33 30 35 31 34
leaf_count=34 44 37 40 30 38 36 30 36 33 33 35 42 30 46 44 58 50 51 40 32 30 30 46 31 35 41 30 40 54 30 37 33 30 35 31 34
internal_value=0.447795 -2.97623 -3.1227 -2.92923 -2.57735 -2.89748 -3.22178 -3.16584 -2.68618 -3.63107 -3.21444 -3.19594 -3.26474 -3.1864 -3.19064 -3.10383 -3.1421 -3.1569 -3.04317 -3.30978 -3.47416 -3.21578 -3.21118 -3.30104 -3.06474 -3.40375 -3.52024 -3.1988 -3.26142 -3.64515 -3.19543 -3.02678 -3.19069 -3.31182 -3.38635 -3.06577
internal_weight=1386 1352 1308 443 191 153 865 761 70 104 691 252 222 656 113 393 150 335 120 263 106 70 284 176 108 71 72 157 125 60 73 77 130 66 71 64
internal_count=1386 1352 1308 443 191 153 865 761 70 104 691 252 222 656 113 393 150 335 120 263 106 70 284 176 108 71 72 157 125 60 73 77 130 66 71 64
is_linear=0
shrinkage=0.05


Tree=5
num_leaves=37
num_cat=0
split_feature=5 3 13 222 158 111 200 199 206 57 145 168 155 222 64 62 194 63 44 199 155 200 133 188 172 179 32 215 198 178 187 20 205 162 219 83
split_gain=2.15416e+08 804849 567594 17638 45375.5 11227.8 7794.14 18844.2 4618.51 8987.12 4857.71 2771.53 2469.21 2247.26 1434.79 1299.91 1226.7 1476.54 1448.48 1113.63 2005.29 1262.62 1142.86 1848.46 1083.64 1073.34 1063.1 982.566 793.234 752.579 1677.86 697.655 532.68 666.372 454.225 318.509
threshold=0.15264999999999998 0.21720000000000003 -59.993885948689687 0.32287179632258395 -73.999999999999986 0.62111227356631205 -1.1155784303700993 3.7213198514615669 -9.8011049266007557 41.161234544714375 47.693105692607595 23.210830051493577 0.82451458523483367 -0.20479161754924516 0.65962426893354886 111144.91432500003 -1.0569571676028078 181297.05210000003 0.0090649424039305673 0.65214980393679689 -2.8306990210100298 -0.26736447027546384 -3.2680311183339614 9.5016730433569396 23.989965362084025 27.384737701445356 95.469814037886437 20.618658820521187 0.65966550106814392 41.761388358487601 51.776287075874507 1.5719691504097912 0.43479082496000981 0.49877086023093503 -0.033775289463507323 93.921700000000016
decision_type=2 2 2 2 2 2 2 2 2 2 2 2 2 2 2 2 2 2 2 2 2 2 2 2 2 2 2 2 2 2 2 2 2 2 2 2
left_child=-1 -2 -3 6 -5 11 7 15 9 13 12 14 16 -8 -6 -4 17 -10 19 27 21 25 23 -22 -23 -21 -25 32 -27 -24 -31 -16 -18 35 -20 -34
right_child=1 2 3 4 5 -7 8 -9 10 -11 -12 -13 -14 -15 31 -17 18 -19 34 20 22 24 29 26 -26 28 -28 -29 -30 30 -32 -33 33 -35 -36 -37
leaf_value=126.35272097732081 -11.043543775876364 3.2608556596856371 -2.8508889313667054 -1.3204940650546761 -2.7866181492805482 -2.0766957629111507 -2.764951490586804 -1.6716398723636356 -3.5621120707194009 -2.0266195251544317 -3.5933329056720349 -3.5437672553523898 -2.6815678390296731 -3.3535692046670356 -3.005859477703388 -3.2846624325483278 -2.9312784310543178 -3.12004321790209 -3.1783278783162436 -3.2158254270200377 -2.4514879646897318 -3.5263186772664392 -3.1511170497307415 -2.7217064412434899 -3.1243292055631944 -3.0842207388444383 -3.1426372400919598 -3.4221946779886885 -2.785659806993273 -2.6647585468414503 -3.0986039345081036 -3.3182280742760861 -3.1640946809635606 -3.3369097232818605 -3.447145690917969 -2.9557644128799438
leaf_weight=33 30 38 31 57 44 31 31 35 30 30 49 31 37 34 39 39 33 51 33 54 30 30 52 30 38 44 30 30 45 39 52 33 43 36 30 32
leaf_count=33 30 38 31 57 44 31 31 35 30 30 49 31 37 34 39 39 33 51 33 54 30 30 52 30 38 44 30 30 45 39 52 33 43 36 30 32
internal_value=0.137662 -2.94531 -2.7614 -2.93977 -2.54827 -2.94144 -3.02756 -2.61892 -3.07306 -2.74246 -3.11009 -3.1238 -3.08046 -3.07284 -3.01156 -3.09256 -3.09983 -3.28377 -3.07795 -3.05466 -3.01265 -3.12431 -2.91153 -2.77194 -3.30168 -3.03996 -2.93217 -3.16188 -2.93326 -2.99938 -2.91267 -3.14903 -3.10765 -3.16008 -3.30634 -3.07521
internal_weight=1384 1351 1321 1283 235 178 1048 105 943 95 848 147 799 65 116 70 762 81 681 618 444 211 233 90 68 143 60 174 89 143 91 72 144 111 63 75
internal_count=1384 1351 1321 1283 235 178 1048 105 943 95 848 147 799 65 116 70 762 81 681 618 444 211 233 90 68 143 60 174 89 143 91 72 144 111 63 75
is_linear=0
shrinkage=0.05


Tree=6
num_leaves=36
num_cat=0
split_feature=5 0 23 222 62 111 13 199 191 133 33 132 153 168 5 135 167 135 9 61 135 199 165 169 4 61 198 84 61 45 22 220 113 30 168
split_gain=1.94413e+08 684046 621393 12987.3 29966.7 8198.59 7922.33 16158.9 5657.08 8304.91 3151.97 5756.67 3185.3 2387.06 1399.73 1850.37 1813.05 2175.96 2293.98 1714.17 1369.55 1419.59 1314.24 1289.69 1040.6 1034.53 922.498 1132.87 889.008 802.438 796.854 476.983 423.371 405.811 343.117
threshold=0.15264999999999998 0.22330000000000003 -77.559916046628146 0.34690260232345294 102446.53875000002 0.335552517123134 -38.988766566420871 5.6493885520804543 81.452443803736855 3.7485675029859977 0.065282142857142886 -6.33511463591653 -42.833423177386713 22.370102768806419 0.86354000000000009 35.00664568589751 18.867910610251823 19.918465791784747 3.306480833333334 20287.933400000005 41.378927940769181 1.0134479843006035 32.704070777377012 11.118607722324439 64444.292500000003 31082.402900000008 -0.0699762654455197 96.240800000000021 39171.660800000005 -0.0072119352370506361 -7.2267920094007057 0.19941740115748932 7.7044695415589066 53.653704880093834 26.668404636287367
decision_type=2 2 2 2 2 2 2 2 2 2 2 2 2 2 2 2 2 2 2 2 2 2 2 2 2 2 2 2 2 2 2 2 2 2 2
left_child=-1 -2 -3 6 -5 13 7 22 9 10 11 -8 -12 23 -14 16 19 18 -18 -16 21 -17 -4 -6 -19 -22 -27 34 -21 32 33 -26 -30 -13 -28
right_child=1 2 3 4 5 -7 8 -9 -10 -11 12 30 14 -15 15 20 17 24 -20 28 25 -23 -24 -25 31 26 27 -29 29 -31 -32 -33 -34 -35 -36
leaf_value=120.03508238358933 -10.139652962838451 4.1492044651147095 -3.2181180636088054 -1.4371389408545061 -2.6893546665416044 -2.3233043165042484 -2.1525589534214564 -1.7993784670829773 -3.4931765719157895 -2.0746879570682846 -3.4372951030731205 -2.8741557974564405 -3.2755564085642499 -3.4361094690138296 -3.3899867630004885 -2.9259799629449845 -2.3664090955958645 -2.7897889397361064 -2.9472271470462577 -2.7975867523866542 -3.148099414280483 -2.5057094373084881 -2.788940457593311 -3.1281411026463366 -3.2608911350795204 -3.0188064685234659 -2.7709977033661635 -2.5017951997121179 -2.8486760081666889 -3.2380765694838303 -2.7281171120849312 -2.9998538643973216 -3.0768074107619956 -3.111931335224825 -2.989464753866196
leaf_weight=33 31 33 30 55 34 58 35 50 41 30 34 38 30 31 40 32 34 33 34 34 35 54 44 33 35 52 41 30 33 52 51 35 53 34 32
leaf_count=33 31 33 30 55 34 58 35 50 41 30 34 38 30 31 40 32 34 33 34 34 35 54 44 33 35 52 41 30 33 52 51 35 53 34 32
internal_value=0.130778 -2.79805 -2.62563 -2.79934 -2.44067 -2.79447 -2.86968 -2.49376 -2.91864 -2.89279 -2.92064 -2.71834 -2.96486 -3.07333 -2.94154 -2.92634 -2.99746 -2.87633 -2.65682 -3.09516 -2.82764 -2.66209 -2.96293 -2.90547 -3.02125 -2.90257 -2.84713 -2.76046 -3.0266 -3.08302 -2.87933 -3.13037 -2.98927 -2.98644 -2.86676
internal_weight=1384 1351 1320 1287 211 156 1076 124 952 911 881 158 723 98 689 659 383 171 68 212 276 86 74 67 103 190 155 103 172 138 123 70 86 72 73
internal_count=1384 1351 1320 1287 211 156 1076 124 952 911 881 158 723 98 689 659 383 171 68 212 276 86 74 67 103 190 155 103 172 138 123 70 86 72 73
is_linear=0
shrinkage=0.05


Tree=7
num_leaves=37
num_cat=0
split_feature=5 3 23 222 63 56 23 4 135 202 128 195 35 169 64 117 221 119 217 198 154 84 127 186 117 111 2 153 117 115 167 171 57 135 36 0
split_gain=1.75457e+08 665512 582532 11691.5 43544 8424.29 6850.05 16231.1 6845.31 4615.58 3370.95 2518.85 2215.69 1683.59 1601.23 1439.54 3342.1 1818.86 1453.06 1214.39 1835 2066.54 1171.33 1093.04 984.142 910.613 967.653 835.15 750.448 734.2 725.861 549.492 477.539 410.46 437.126 404.525
threshold=0.15264999999999998 0.21720000000000003 -77.559916046628146 0.34690260232345294 112838.50317500002 0.27003282164182529 -55.750971897181984 67366.857000000018 19.918465791784747 0.45317786387752185 787.15042824369755 1.3980615457287173 0.54212448915347711 -4.6600178419744696 1.1759129464072584 116.22334592797777 0.2424092039213335 0.46409343382466056 71.384882878380964 0.53188055346568996 -24.656385027961075 174.35000000000002 32.835060353865536 17.729349314479439 540.70566833597763 0.47145099989819744 4.0750000000000011 -9.9504165698280431 43.302977820460846 65.479426878223848 14.304837249110742 -0.15709180140727996 36.082863876891366 35.698690353325752 4.723349328797914 2.0050000000000003
decision_type=2 2 2 2 2 2 2 2 2 2 2 2 2 2 2 2 2 2 2 2 2 2 2 2 2 2 2 2 2 2 2 2 2 2 2 2
left_child=-1 -2 -3 5 -5 -4 7 -7 -6 11 12 -10 13 -8 -9 17 -17 -14 19 20 22 25 -19 30 -15 26 31 -25 -27 -30 -21 -22 33 34 -33 -29
right_child=1 2 3 4 8 6 10 14 9 -11 -12 -13 15 24 -16 16 -18 18 -20 23 21 -23 -24 27 -26 28 -28 35 29 -31 -32 32 -34 -35 -36 -37
leaf_value=114.03333042029179 -10.022099151611329 4.0687233000090632 -2.1285499864390918 -0.89887734887211834 -2.0110701084136964 -1.3920746188362441 -3.2675242278310992 -3.0694891738891603 -2.755942245699325 -2.318635116923939 -3.2426428725079797 -3.2481682870902269 -2.4650283699450286 -2.6719339019373844 -2.5647708224527768 -2.1712616768750279 -2.8942505744195755 -2.3476177657643955 -3.0712302363196087 -2.6882091127592944 -2.5388319506789703 -3.2573610367313508 -2.7858787998076409 -2.3825272284056012 -3.0272577285766604 -2.7771082903887776 -3.0141246515161852 -2.7450563950972127 -3.2388562266031906 -2.8918793709047379 -2.9650725936889653 -2.6641592534383141 -2.9424973169962567 -2.6093424329952319 -2.9278689644553446 -2.5168068218231205
leaf_weight=33 30 33 56 43 31 30 36 30 53 33 41 51 46 38 33 33 31 30 43 58 33 31 31 38 40 37 34 55 30 31 40 30 30 49 33 30
leaf_count=33 30 33 56 43 31 30 36 30 53 33 41 51 46 38 33 33 31 30 43 58 33 31 31 38 40 37 34 55 30 31 40 30 30 49 33 30
internal_value=0.12424 -2.65814 -2.49091 -2.65897 -2.31863 -2.72565 -2.7584 -2.34929 -2.68202 -2.83384 -2.7994 -2.99732 -2.77891 -2.98469 -2.80511 -2.74856 -2.52146 -2.76906 -2.79016 -2.77066 -2.82274 -2.8683 -2.57034 -2.67664 -2.85415 -2.82901 -2.77004 -2.57738 -2.95476 -3.06252 -2.80121 -2.72262 -2.76533 -2.71788 -2.80229 -2.6645
internal_weight=1384 1351 1321 1288 211 1077 1021 93 168 137 928 104 887 114 63 773 64 709 663 620 399 338 61 221 78 307 209 123 98 61 98 175 142 112 63 85
internal_count=1384 1351 1321 1288 211 1077 1021 93 168 137 928 104 887 114 63 773 64 709 663 620 399 338 61 221 78 307 209 123 98 61 98 175 142 112 63 85
is_linear=0
shrinkage=0.05


Tree=8
num_leaves=37
num_cat=0
split_feature=8 39 131 26 5 214 167 194 117 26 206 172 221 62 9 127 35 224 55 217 198 206 84 207 182 64 224 26 71 119 35 33 39 143 44 187
split_gain=1.59619e+08 1.68471e+06 2.02094e+06 444530 48068.9 12717 28945.7 15407.6 6625.74 6733.38 14541.6 4509.59 3152.76 2537.05 2165.87 2018.7 1864.15 2773.91 3451.08 2004.73 1472.41 1787.98 1476.95 1403.37 1179.06 875.401 800.822 745.801 711.942 668.143 911.172 540.915 514.779 759.835 366.772 236.437
threshold=0.27022500000000005 9.7009462879519095 -76.850531118855812 0.25469493916416863 0.37060000000000004 62.373473804513857 19.335737518635209 3.2372944711977385 316.31531549604836 0.44658640074751471 1.5818291651580105 33.742238724998678 0.54361547933057464 602046.68307500018 0.8209129833333334 -34.689971840941446 0.54212448915347711 -36.754836314293094 3.0864437734974834 75.696990860314216 0.35608188919952155 -4.1391164034352244 149.80000000000004 0.15067879380178154 -0.93492289685557251 1.5943292484718401 4.0692441496628016 0.66726525358633149 6.4556217761979822 1.2456197287820481 1.0906940218779171 0.15092142857142862 40.639426179543996 -26.300344007676365 -0.067417220408583459 22.973017377999938
decision_type=2 2 2 2 2 2 2 2 2 2 2 2 2 2 2 2 2 2 2 2 2 2 2 2 2 2 2 2 2 2 2 2 2 2 2 2
left_child=-1 -2 -3 -4 -5 8 -7 12 9 10 -6 14 15 -10 -11 24 -16 18 -18 20 22 23 28 -22 -8 27 -17 -23 29 30 31 34 33 -29 -19 -33
right_child=1 2 3 4 5 6 7 -9 13 11 -12 -13 -14 -15 16 26 17 19 -20 -21 21 25 -24 -25 -26 -27 -28 32 -30 -31 -32 35 -34 -35 -36 -37
leaf_value=112.29706288306943 8.883785445522518 -15.555988566080728 3.1292881134578163 -4.4379878408768603 -2.6434130806061962 -0.76521367490291592 -2.474516488004614 -1.4257035830441644 -2.82178283567014 -2.3066798746163504 -1.2704500484466554 -2.0997531207708215 -3.0143409672905417 -3.4015151798725132 -3.0037065351009371 -2.5360913475354514 -1.9719086421653629 -2.4307106571812787 -2.6953530844520124 -3.0426081940934466 -2.5632000456465054 -2.4385960645453877 -3.0742527198791505 -2.1450044822692873 -2.1081125555811702 -2.9113262557983397 -2.8532561021692615 -2.6130162211826873 -2.9240473031997682 -2.4808745233636156 -2.9368510935041643 -2.6477029523541855 -2.5686184746878489 -2.9501155853271488 -2.6542159737481015 -2.82884899405546
leaf_weight=31 32 30 35 34 54 30 54 34 46 43 30 39 34 32 40 48 32 31 34 37 47 43 30 35 37 30 34 35 32 38 36 31 56 32 45 43
leaf_count=31 32 30 35 34 54 30 54 34 46 43 30 39 34 32 40 48 32 31 34 37 47 43 30 35 37 30 34 35 32 38 36 31 56 32 45 43
internal_value=0.118028 -2.45222 -2.72683 -2.42871 -2.58359 -2.53199 -2.22983 -2.41215 -2.6181 -2.57865 -2.15307 -2.62395 -2.57418 -3.05962 -2.65121 -2.48767 -2.67217 -2.65229 -2.34459 -2.68608 -2.66269 -2.58074 -2.74234 -2.3847 -2.32554 -2.66276 -2.6676 -2.61784 -2.70344 -2.67192 -2.71096 -2.65674 -2.6805 -2.77402 -2.56305 -2.75296
internal_weight=1384 1353 1321 1291 1256 1222 271 241 951 873 84 789 207 78 750 173 707 667 66 601 564 278 286 82 91 196 82 166 256 224 186 150 123 67 76 74
internal_count=1384 1353 1321 1291 1256 1222 271 241 951 873 84 789 207 78 750 173 707 667 66 601 564 278 286 82 91 196 82 166 256 224 186 150 123 67 76 74
is_linear=0
shrinkage=0.05


Tree=9
num_leaves=36
num_cat=0
split_feature=78 205 6 218 11 184 214 158 194 56 114 215 35 135 172 221 21 218 35 215 44 132 187 34 114 23 35 199 199 32 116 148 194 146 126
split_gain=1.5734e+08 2.46559e+06 3.50802e+06 547385 169828 33298.5 18325.5 28258.1 11247.3 10679.8 5489.89 10472.4 4084.77 3436.48 3324.73 2557.78 2358.85 1709.97 1612.19 2192.18 1291.29 1266.25 1287.79 1262.12 798.32 796.301 992.306 751.98 655.809 771.627 550.798 519.486 564.307 475.043 336.631
threshold=5.5000000000000009 13.798345518672841 0.20857500000000004 0.76134675143757302 -20.075881005547021 8.6663887553468069 62.373473804513857 -73.999999999999986 2.5274946458287881 0.34949746371287321 0.10876059519006882 16.828131453240641 0.54212448915347711 24.490822365580321 33.742238724998678 0.58048085993414633 -15.19660765790797 0.59463948469775907 0.96542391236499003 23.999998884000032 -0.13197466802482741 1.6442389263379769 17.002617590604061 10.127695388943247 0.045028608042499092 12.55819087869804 1.0233173372292044 0.73056085944836957 2.0586094908513717 46.052079653204757 72.678823972401474 1.0000000180025095e-35 0.31226272159292029 -4.72710416862685 -397.62700000014149
decision_type=2 2 2 2 2 2 2 2 2 2 2 2 2 2 2 2 2 2 2 2 2 2 2 2 2 2 2 2 2 2 2 2 2 2 2
left_child=1 2 -1 4 -4 -6 9 -8 13 -7 12 -12 16 -9 15 17 -11 18 19 20 -14 22 27 28 31 26 -15 -20 29 -24 -31 32 34 -33 -22
right_child=-2 -3 3 -5 5 6 7 8 -10 10 11 -13 14 25 -16 -17 -18 -19 21 -21 24 -23 23 -25 -26 -27 -28 -29 -30 30 -32 33 -34 -35 -36
leaf_value=-19.072065031528474 113.37065472602845 11.7770898103714 -6.1917256466547652 4.2504766864161345 -0.84122393972733445 -3.3047315001487734 -0.82394566413683779 -2.068085079926711 -1.4481349223000664 -3.1596640200228308 -1.4015179984271526 -2.535393993343626 -2.7389185925747488 -2.6448542961707484 -1.9827187760670981 -2.1332114624977114 -2.6469843345775939 -2.9076570695446389 -2.2830329132080078 -2.130538017445422 -2.3493673671375621 -2.3425454139709472 -2.5550095758940046 -2.9963678584379312 -2.2098705442746485 -2.6889220510210312 -2.3163596621581486 -2.5996778450012208 -2.5066638231277469 -2.9947734642028809 -2.6942422190020161 -2.235532923667662 -2.6932934934442696 -2.5146329625447592 -2.5769670188426974
leaf_weight=32 30 30 30 31 34 43 39 52 35 37 32 56 47 39 30 40 57 31 30 47 33 39 38 34 30 56 56 50 48 30 31 31 44 30 32
leaf_count=32 30 30 30 31 34 43 39 52 35 37 32 56 47 39 30 40 57 31 30 47 33 39 38 34 30 56 56 50 48 30 31 31 44 30 32
internal_value=0.112126 -2.39729 -2.71847 -2.31342 -2.47479 -2.38421 -2.42803 -2.0715 -2.27593 -2.53538 -2.49766 -2.12308 -2.53944 -2.41865 -2.4976 -2.52083 -2.84878 -2.54563 -2.52674 -2.44353 -2.50309 -2.60829 -2.64799 -2.72183 -2.44767 -2.53937 -2.45122 -2.48094 -2.65833 -2.73187 -2.84204 -2.48963 -2.55502 -2.3728 -2.46142
internal_weight=1384 1354 1324 1292 1261 1231 1197 277 238 920 877 88 789 203 695 665 94 625 594 294 247 300 261 181 200 151 95 80 147 99 61 170 109 61 65
internal_count=1384 1354 1324 1292 1261 1231 1197 277 238 920 877 88 789 203 695 665 94 625 594 294 247 300 261 181 200 151 95 80 147 99 61 170 109 61 65
is_linear=0
shrinkage=0.05


Tree=10
num_leaves=36
num_cat=0
split_feature=0 0 19 38 4 13 15 166 224 220 220 13 204 132 172 193 206 61 168 37 44 43 61 147 31 37 199 220 126 6 62 221 117 73 62
split_gain=2.04735e+08 2.32201e+06 240508 176683 60298.7 22503.9 8290.01 17281.7 24449.1 9168.09 9462.31 6058.19 3999.57 3911.27 3350.86 2634.74 2142.52 1930.01 1512.15 1251.02 1132.31 1797.6 874.168 743.353 766.01 1153.53 705.429 483.55 401.079 324.841 281.845 271.889 256.681 253.662 174.444
threshold=0.11410000000000002 0.22330000000000003 -18.209553158705695 1.0000000180025095e-35 71989.012000000002 -56.682974480767193 1.5091681783217594 0.54188596491228103 -12.354690300780812 -0.61409810564081502 0.55752642802312435 -38.191224534744812 -2.4656939261333783 -12.225705976261388 15.058293466839656 4.2904014795063654 6.6026181929590191 990683.40100000007 26.879907137136538 10.992686189917448 -0.14112606322318141 -0.13652404558529482 36646.936700000013 -20.92677371241049 82.845258257209792 6.3059608118867505 1.0526597636303048 0.15101792662193711 -118742.80550000006 2.8205000000000005 22713.927065000003 0.23477136148122704 89.957128915472552 1.3403391724890448 993524.14175000018
decision_type=2 2 2 2 2 2 2 2 2 2 2 2 2 2 2 2 2 2 2 2 2 2 2 2 2 2 2 2 2 2 2 2 2 2 2
left_child=-1 -2 -3 4 -4 -5 7 9 -9 -7 12 -8 -11 -13 -15 17 19 18 27 20 22 -22 -16 -23 25 28 -24 32 -25 31 -31 -30 -14 -32 -28
right_child=1 2 3 5 -6 6 11 8 -10 10 -12 13 15 14 16 -17 -18 -19 -20 -21 21 23 26 24 -26 -27 34 -29 29 30 33 -33 -34 -35 -36
leaf_value=127.28294776178176 -15.592127492147334 2.0688705396652223 -3.4049601585634295 -3.4470986965090731 -6.4539805692784924 -1.4248519674424203 -1.8078645592512086 -2.3373791890985824 -0.45480257170540944 -2.8446151836245672 -1.7264159924333748 -2.9424249368555406 -2.2235627051322693 -1.8934164896607399 -2.6930403017530256 -1.9177797873814901 -2.8302651453018193 -2.097552040299854 -2.7783292770385746 -2.0879671365984023 -2.0071022659540176 -2.6043195039798057 -2.3062345248002276 -2.5181193091652609 -2.2087447018458923 -2.6255070724487304 -2.6080637571546768 -2.5425376068462029 -2.1645783787681943 -2.5058148990977895 -2.2412204290691178 -2.3597972746818296 -2.413243100756691 -2.432284951210022 -2.455355513095856
leaf_weight=31 34 30 31 43 34 31 43 34 35 51 55 34 31 32 51 30 30 37 37 31 32 39 52 33 58 50 45 44 42 33 38 31 42 32 32
leaf_count=31 34 30 31 43 34 31 43 34 35 51 55 34 31 32 51 30 30 37 37 31 32 39 52 33 58 50 45 44 42 33 38 31 42 32 32
internal_value=0.252604 -2.69275 -2.35616 -2.46044 -4.99983 -2.3238 -2.28234 -2.107 -1.38245 -2.24664 -2.32455 -2.3838 -2.4455 -2.41943 -2.39253 -2.35339 -2.41792 -2.42181 -2.49972 -2.39727 -2.41415 -2.36607 -2.5178 -2.39833 -2.37299 -2.40977 -2.44852 -2.41161 -2.35816 -2.32817 -2.38535 -2.24748 -2.33269 -2.32856 -2.5446
internal_weight=1368 1337 1303 1273 65 1208 1165 427 69 358 327 738 272 695 661 221 629 191 154 599 568 388 180 356 317 259 129 117 209 176 103 73 73 70 77
internal_count=1368 1337 1303 1273 65 1208 1165 427 69 358 327 738 272 695 661 221 629 191 154 599 568 388 180 356 317 259 129 117 209 176 103 73 73 70 77
is_linear=0
shrinkage=0.05


Tree=11
num_leaves=37
num_cat=0
split_feature=0 0 120 216 126 193 13 219 61 23 118 222 32 145 35 219 118 47 219 132 204 13 217 49 37 22 120 62 186 143 209 192 120 71 179 43
split_gain=1.84773e+08 2.09561e+06 216883 88941.8 56549.7 21932 12669.5 10674.9 19915.9 5718.19 21662 4478 15398 3515.8 3206.17 4342.4 1965.68 1726.46 1658.45 1479.6 1626.45 1488.79 1041.54 955.91 955.631 709.407 639.834 525.914 519.605 752.594 476.15 471.374 314.765 308.786 268.605 262.95
threshold=0.11410000000000002 0.22330000000000003 38.794969969969976 0.99999961122701253 -51930.75640000253 -15.386111997718208 -56.682974480767193 0.65184800084343641 162754.61480000001 -56.270695364238399 11.310412951802446 0.39793827728345682 75.337574012917685 47.693105692607595 1.4527011140676545 0.56744875359381164 11.687891981128262 0.0026211070243121449 -0.55302084634530957 -5.62507217654003 -0.76335877329825819 -25.183361393367189 75.696990860314216 18.698381210995979 9.4517865016672111 -17.983091170854728 7.0182954038375795 12707.959562500002 23.745022510835973 23.459887013547995 0.87977746255063582 7.7287298927887367 7.0645247637413888 5.4836284664216501 43.912541453147981 -0.05829606275837209
decision_type=2 2 2 2 2 2 2 2 2 2 2 2 2 2 2 2 2 2 2 2 2 2 2 2 2 2 2 2 2 2 2 2 2 2 2 2
left_child=-1 -2 3 6 -5 -6 -3 9 -9 10 -8 13 -13 14 15 17 -14 18 26 20 -20 -21 23 -19 27 -25 -11 -23 32 31 -27 34 35 -28 -30 -29
right_child=1 2 -4 4 5 -7 7 8 -10 11 -12 12 16 -15 -16 -17 -18 22 19 21 -22 24 -24 25 -26 30 33 28 29 -31 -32 -33 -34 -35 -36 -37
leaf_value=120.91879676080519 -14.812521094785019 -3.1121816274282095 1.9637255398432414 -5.0071491614631993 -3.6241141745918677 -1.9139152449530525 -0.76021230578422549 -0.87124278379041087 -2.3528589536746343 -2.2402592813646471 -2.5108085931733601 -0.98492286523183192 -2.5276404525922693 -2.7408359085641258 -1.7757451087236404 -2.8662599379016509 -2.0125155360467972 -2.1164196104616733 -1.8264479832215743 -2.5511243881717807 -2.2841239960988364 -2.0519911607106525 -2.6605817222595216 -2.5649120712280276 -1.9244695624997541 -2.4076233439975319 -2.6180585034688315 -2.3537681668303736 -2.1180434480005381 -2.3775888192026242 -2.1591818110148111 -1.9739277659235777 -2.4657418314615889 -2.3912010542551676 -2.3080122152964275 -2.1627354960287772
leaf_weight=31 34 37 30 46 38 37 30 43 48 37 43 30 46 41 32 31 31 37 55 31 30 42 30 45 31 54 30 43 49 38 30 37 30 30 30 31
leaf_count=31 34 37 30 46 38 37 30 43 48 37 43 30 46 41 32 31 31 37 55 31 30 42 30 45 31 54 30 43 49 38 30 37 30 30 30 31
internal_value=0.239973 -2.55811 -2.23835 -2.33738 -3.62694 -2.78042 -2.20193 -2.17173 -1.65275 -2.21785 -1.79139 -2.25058 -1.94586 -2.28921 -2.26615 -2.28651 -2.32025 -2.26222 -2.21638 -2.17571 -1.98798 -2.21979 -2.38945 -2.34046 -2.18876 -2.40471 -2.40379 -2.21607 -2.24278 -2.18447 -2.31889 -2.12121 -2.32913 -2.50463 -2.19018 -2.27374
internal_weight=1368 1337 1303 1273 121 75 1152 1115 91 1024 73 951 107 844 803 771 77 740 544 447 85 362 196 166 331 129 97 300 258 154 84 116 104 60 79 74
internal_count=1368 1337 1303 1273 121 75 1152 1115 91 1024 73 951 107 844 803 771 77 740 544 447 85 362 196 166 331 129 97 300 258 154 84 116 104 60 79 74
is_linear=0
shrinkage=0.05


Tree=12
num_leaves=37
num_cat=0
split_feature=164 145 182 33 78 146 146 8 2 26 1 172 153 163 172 195 158 192 44 33 200 36 220 29 32 115 34 26 219 83 162 192 184 126 142 57
split_gain=1.73996e+08 5.54904e+06 2.92007e+06 1.43829e+06 146719 83823.5 112695 13471.3 27977.9 17722.8 7138.54 6237.03 4651.35 3385.26 2774.84 2466.75 2234.67 1749.89 1597.55 1086.86 1047.02 825.5 733.922 1064.54 710.694 1033.12 641.94 533.224 521.803 506.792 439.13 491.951 265.022 224.472 401.534 300.318
threshold=-58.772052338277 -112.4554923619058 -36.215008357538203 0.025622785714285782 4.5000000000000009 -32.408619381901438 -22.438094079791089 1.1777316666666668 1.0118500000000001 0.46792805146192079 0.97205000000000008 33.605811638597622 -41.446888991646112 -1.6394926178032285 15.058293466839656 2.1306243285106885 -29.999999999999996 8.6662447096127391 -0.14112606322318141 0.30958214285714297 -0.63685173528363681 9.0327449753868692 0.7078046199619229 0.063411356014866707 100.48888059586925 83.739111890547122 8.2698577322743727 1.1364902648053976 -0.26176775600834917 99.503750000000011 2.1829506907941778 6.2642831363545168 37.79064183218167 -23577.064000001217 -3.4567015087003763 11.668014930965501
decision_type=2 2 2 2 2 2 2 2 2 2 2 2 2 2 2 2 2 2 2 2 2 2 2 2 2 2 2 2 2 2 2 2 2 2 2 2
left_child=-1 -2 -3 -4 5 -5 -7 8 9 -8 -9 12 -12 -14 -15 16 17 28 19 21 -20 29 23 24 26 -26 27 30 -11 32 31 33 -16 -22 -35 -36
right_child=1 2 3 4 -6 6 7 10 -10 15 11 -13 13 14 18 -17 -18 -19 20 -21 22 -23 -24 -25 25 -27 -28 -29 -30 -31 -32 -33 -34 34 35 -37
leaf_value=115.44704486727716 -23.792916839718821 11.802641789977615 -12.748914533131051 0.39216905832290649 -4.6963678747957402 -5.1511683611075085 -0.8923075842857362 -2.8611695520805593 -0.34353683367371562 -2.1362926790791175 -2.6424707326022063 -1.5176151071275985 -1.5930876963337264 -1.672598275830669 -2.4504567258498251 -2.4556368260156543 -1.6851270469459327 -2.403075624123598 -1.8333030551671983 -2.0811607672243704 -2.1751862315808315 -2.5465943431854252 -1.8938346232137375 -2.4021901053351327 -2.1406065020450327 -1.7619488249382667 -2.3336168799289441 -2.3151750680172083 -1.859869102427834 -2.1058255736033122 -1.9343080345322106 -2.3022072735954735 -2.2465644582112634 -1.9527305836947459 -2.0345139450497096 -2.241727868248435
leaf_weight=32 30 37 33 34 55 30 35 33 32 31 44 42 30 31 34 42 37 39 32 49 59 40 31 37 43 31 43 33 38 30 34 34 30 53 36 34
leaf_count=32 30 37 33 34 55 30 35 33 32 31 44 42 30 31 34 42 37 39 32 49 59 40 31 37 43 31 43 33 38 30 34 34 30 53 36 34
internal_value=0.227975 -2.53176 -2.04338 -2.44708 -2.17203 -2.05447 -2.127 -2.04577 -1.72571 -1.92494 -2.13998 -2.1113 -2.14295 -2.1134 -2.13527 -2.11822 -2.02048 -2.13537 -2.15627 -2.28267 -2.11 -2.35635 -2.12892 -2.1456 -2.12187 -1.98198 -2.15362 -2.12627 -1.98406 -2.2754 -2.10133 -2.12763 -2.35488 -2.09501 -2.05655 -2.13516
internal_weight=1368 1336 1306 1269 1236 1181 1147 1117 254 222 863 830 788 744 714 187 145 108 683 183 500 134 468 437 400 74 326 283 69 94 250 216 64 182 123 70
internal_count=1368 1336 1306 1269 1236 1181 1147 1117 254 222 863 830 788 744 714 187 145 108 683 183 500 134 468 437 400 74 326 283 69 94 250 216 64 182 123 70
is_linear=0
shrinkage=0.05


Tree=13
num_leaves=36
num_cat=0
split_feature=5 191 164 11 78 163 9 8 2 26 56 145 145 178 142 64 84 128 160 71 128 195 145 211 4 214 29 114 195 114 71 71 179 22 11
split_gain=1.60447e+08 1.42933e+06 304032 195882 148851 32033.4 10461.6 14990.8 25162.1 18351 5324.27 6145.26 3210.19 3082.5 4096.7 4308.59 2761.3 2011.97 1597.34 1495.55 1258.84 1217.49 1062.93 1024.3 979.772 722.164 789.137 618.795 596.426 587.162 560.696 531.035 429.796 741.275 247.79
threshold=0.13181000000000001 243.72749871358647 -56.709240883277033 -17.90618177507919 4.5000000000000009 -2.5808735752245511 0.43552853750000003 1.1777316666666668 1.0118500000000001 0.44249028102818017 0.92288646487043258 -27.756864188769558 13.454059897006504 24.999993990386105 -24.745692683340717 1.216414910424964 83.244000000000014 -56.699317654491573 -0.29662964285714272 6.4814814814814765 176.52849324212684 -0.22525725775080319 29.759597408435962 -97.26513444944878 25726.020500000002 37.849578057767722 0.05126569305255297 -0.13598219847307344 0.2147541881259539 -0.047782995930501608 1.6456795604639549 2.9948823477114073 30.205135787425132 -22.47366937189118 0.077095593414064731
decision_type=2 2 2 2 2 2 2 2 2 2 2 2 2 2 2 2 2 2 2 2 2 2 2 2 2 2 2 2 2 2 2 2 2 2 2
left_child=-1 2 -2 -4 5 -5 -7 8 9 -8 16 -12 -11 14 -13 23 -9 -14 20 25 24 -19 -23 -16 -15 28 27 -27 -20 -29 34 -32 -26 -34 -31
right_child=1 -3 3 4 -6 6 7 10 -10 12 11 13 17 18 15 -17 -18 21 19 -21 -22 22 -24 -25 32 26 -28 29 -30 30 31 -33 33 -35 -36
leaf_value=112.67121621408772 -6.9567667901515966 -13.181476330359779 1.9035882565283009 -3.563060349225998 -4.6631529305197983 -2.6198530933313204 -0.64883261322975161 -2.118292248249054 -0.2775065004825592 -1.527603110585894 -1.3606100778321963 -2.3384105205535888 -1.7039853170514108 -2.3359999873421411 -1.6894601507319345 -1.2370192978833172 -2.7609138434273857 -1.8885063294208413 -2.3120745145357571 -1.6799625012182422 -2.4796977658425607 -2.1141247206720815 -2.4695695385788428 -2.0472833739386664 -2.2103300857543946 -1.7588810259296048 -2.2098748977367695 -2.1365456308637345 -2.0512033758163453 -1.93861559232076 -1.7199898020217295 -1.9826249733949319 -1.8239579491955895 -2.1183089741793544 -2.1277141664086319
leaf_weight=31 32 30 31 32 55 57 31 32 32 35 37 30 32 44 36 37 35 33 39 31 31 58 33 45 35 31 39 56 50 30 38 39 35 55 41
leaf_count=31 32 30 31 32 55 57 31 32 32 35 37 30 32 44 36 37 35 33 39 31 31 58 33 45 35 31 39 56 50 30 38 39 35 55 41
internal_value=0.216576 -2.39082 -2.14314 -2.02233 -2.12016 -2.00253 -1.95937 -1.92514 -1.58828 -1.77722 -2.02628 -1.9895 -1.96036 -2.02086 -1.81669 -1.68405 -2.45399 -2.05746 -2.07173 -2.01331 -2.18681 -2.14868 -2.24302 -1.88825 -2.13308 -2.04178 -2.00158 -1.96702 -2.16552 -1.99864 -1.94646 -1.85301 -2.06166 -2.00384 -2.04781
internal_weight=1368 1337 1307 1275 1244 1189 1157 1100 254 222 846 779 191 742 148 118 67 156 594 394 200 124 91 81 169 363 274 235 89 204 148 77 125 90 71
internal_count=1368 1337 1307 1275 1244 1189 1157 1100 254 222 846 779 191 742 148 118 67 156 594 394 200 124 91 81 169 363 274 235 89 204 148 77 125 90 71
is_linear=0
shrinkage=0.05


Tree=14
num_leaves=35
num_cat=0
split_feature=0 0 38 130 132 179 160 219 61 217 132 220 209 141 35 167 154 171 55 72 71 35 187 61 11 132 182 151 72 171 39 188 50 178
split_gain=1.49803e+08 1.79879e+06 226253 185119 78575.5 63518.3 10926.6 15030.4 25873 9342.13 8236.48 12413.7 5817.05 6269.86 4123.46 6371.81 3779.45 3329.25 2898.66 2320.68 2151.1 1861.73 1778.77 1690.32 1117.25 1083.61 779.061 708.571 542.026 562.108 516.909 504.148 527.646 414.936
threshold=0.11410000000000002 0.22330000000000003 1.5909090891150017 -35.92596849780265 -7.4244699316562839 16.940496585902299 -0.29662964285714272 0.6357650573978223 309993.26600000012 175.28512214072217 -5.9127350376806858 -0.51074734094222451 1.3347116078063446 -0.27130428070795271 0.86884770620618401 13.423272063072192 -19.990126788986938 -0.0043976747801984456 1.6059819689226813 3.0252186292454746 4.0823766619298114 1.4233124960679844 11.760805697388195 79146.714700000011 -1.9618336225133421 0.72939221119519815 -6.580717236534638 33.333333333333258 0.020887166236001144 0.50508148190749624 41.221571717659906 87.642567234324247 65.700604373878576 43.057441635196618
decision_type=2 2 2 2 2 2 2 2 2 2 2 2 2 2 2 2 2 2 2 2 2 2 2 2 2 2 2 2 2 2 2 2 2 2
left_child=-1 -2 4 -4 -3 -5 9 10 -9 12 11 -8 13 -7 15 -12 -16 -13 -15 21 -14 27 -20 26 -25 28 -24 33 -17 -30 -29 32 -32 -18
right_child=1 2 3 5 -6 6 7 8 -10 -11 14 17 20 18 16 25 19 -19 22 -21 -22 -23 23 24 -26 -27 -28 30 29 -31 31 -33 -34 -35
leaf_value=108.86641486383253 -13.66710958770093 -6.5499792903661733 1.9612212315682442 -4.1499665021896366 -3.2937202659520239 -1.4002280886967977 -0.60873296568470625 0.027543064753214521 -1.8856568472329962 -2.9535072549184167 -1.1371758372443064 -2.162805376333349 -2.1664504496256511 -2.4774374817356919 -2.4081151161875045 -1.7707607587178549 -1.9232149417583759 -1.5072476514180502 -1.731414585028376 -2.270701281229655 -2.7514467470573658 -1.5314036965370179 -2.3803413623716771 -1.727588928300281 -2.0735994114595302 -1.6913752866642817 -2.0566321793724511 -2.1905660813854588 -2.1095533354807712 -1.8588475151194466 -2.006156827853276 -2.1145761881119167 -1.7662794828414918 -1.6758760992685955
leaf_weight=31 34 32 31 32 44 45 31 30 43 30 35 34 30 33 56 30 39 45 56 51 33 30 41 43 51 56 34 31 59 36 52 39 41 30
leaf_count=31 34 32 31 32 44 45 31 30 43 30 35 34 30 33 56 30 39 45 56 51 33 30 41 43 51 56 34 31 59 36 52 39 41 30
internal_value=0.205747 -2.31368 -2.01743 -1.85346 -4.66478 -1.95233 -1.89192 -1.78191 -1.09941 -2.10525 -1.8536 -1.45666 -2.03573 -1.94483 -1.92824 -1.75474 -2.0298 -1.78939 -2.03982 -1.96212 -2.47288 -1.90205 -1.97564 -2.05656 -1.91532 -1.87415 -2.23359 -1.94998 -1.95604 -2.01455 -2.00683 -1.96368 -1.9004 -1.81568
internal_weight=1368 1337 1303 1227 76 1196 1164 768 73 396 695 110 366 303 585 216 369 79 258 313 63 262 225 169 94 181 75 232 125 95 163 132 93 69
internal_count=1368 1337 1303 1227 76 1196 1164 768 73 396 695 110 366 303 585 216 369 79 258 313 63 262 225 169 94 181 75 232 125 95 163 132 93 69
is_linear=0
shrinkage=0.05


Tree=15
num_leaves=37
num_cat=0
split_feature=169 0 38 13 110 164 9 3 180 198 120 114 120 135 73 114 187 117 130 133 194 193 64 154 83 49 194 15 154 132 171 206 73 215 70 205
split_gain=5.09854e+07 8.28899e+06 196492 119391 58272.8 47433.1 21369.5 22191.1 20232.8 18975.7 9134.47 5352.26 11719.1 6286.12 3259.96 3438.66 3212.36 4564.88 4070.52 3146.04 1954.27 1853.79 1359.89 1201.74 1043.2 971.112 707.811 662.612 625.722 801.842 490.316 369.427 559.916 302.298 236.405 177.709
threshold=-27.968939967277564 0.13745000000000002 1.0000000180025095e-35 -59.993885948689687 -13.673049875581514 -52.127218640636002 0.43552853750000003 0.49790000000000006 -0.036260822282074771 0.54625582353356072 25.42322049483306 0.063715787564034634 5.2306581547347646 54.688757199160769 5.3681120144534775 -0.26645960241159267 12.483313017764459 144.6483638663355 -14.293587371570288 -5.6033186888240847 0.56674208676423454 -10.14381587244044 0.35203463264441454 -23.874593722157993 99.503750000000011 19.93775654004784 1.013887911363051 2.936454693150274 -1.5821345821555479 2.562470431904587 0.47460484806037256 -5.9040758156090627 1.3888888888888828 11.129878943210471 169304.77422500003 0.94339621974012211
decision_type=2 2 2 2 2 2 2 2 2 2 2 2 2 2 2 2 2 2 2 2 2 2 2 2 2 2 2 2 2 2 2 2 2 2 2 2
left_child=-1 -2 4 -4 -3 -5 8 9 -7 -8 11 14 -13 19 15 -9 17 18 -17 -14 -21 23 -23 24 -18 -24 28 -25 29 31 -30 -27 34 -34 -33 -36
right_child=1 2 3 5 -6 6 7 10 -10 -11 -12 12 13 -15 -16 16 21 -19 -20 20 -22 22 25 27 -26 26 -28 -29 30 -31 -32 32 33 -35 35 -37
leaf_value=59.487765696469481 -27.25249956304377 -6.0406462842767894 0.87353648216951463 -3.768508000527659 -3.0461219847202301 -1.788922625531753 0.079633235931396484 -1.2769221591949464 -3.6252590433756513 -1.6230287803543939 -2.6539384078979493 -0.90372467400892731 -2.2035359804446881 -1.1179274857044221 -2.1904852735585183 -0.96384621788473701 -2.0241087843732135 -2.0655808428355629 -1.6729502534866336 -1.8934133644761713 -1.4159913813366609 -1.4911819235483807 -1.566214889685313 -2.2370270160206576 -1.6397410829221049 -1.6870387434959413 -2.031183705239926 -1.9653047922495253 -1.8569754503211198 -1.5799062632225658 -2.1110575952837545 -1.8971924781799316 -1.8488345521869083 -2.0490278937599875 -1.641126928021831 -1.8078427488153634
leaf_weight=34 33 33 42 31 32 30 30 30 30 36 30 53 52 32 58 34 41 35 50 58 34 30 30 57 31 36 53 37 49 37 31 30 33 44 31 33
leaf_count=34 33 33 42 31 32 30 30 30 30 36 30 53 52 32 58 34 41 35 50 58 34 30 30 57 31 36 53 37 49 37 31 30 33 44 31 33
internal_value=-0.992668 -2.49804 -1.88521 -1.74777 -4.56642 -1.83757 -1.78748 -1.73886 -2.70709 -0.849092 -1.7938 -1.76896 -1.55553 -1.75181 -1.8293 -1.80144 -1.82324 -1.58583 -1.38593 -1.89268 -1.71697 -1.87009 -1.81606 -2.01233 -1.85862 -1.84 -1.86179 -2.13007 -1.83408 -1.7943 -1.95543 -1.83262 -1.86326 -1.96323 -1.78138 -1.72709
internal_weight=1400 1366 1333 1268 65 1226 1195 1135 60 66 1069 1039 229 176 810 752 722 119 84 144 92 603 437 166 72 407 377 94 324 244 80 207 171 77 94 64
internal_count=1400 1366 1333 1268 65 1226 1195 1135 60 66 1069 1039 229 176 810 752 722 119 84 144 92 603 437 166 72 407 377 94 324 244 80 207 171 77 94 64
is_linear=0
shrinkage=0.05


Tree=16
num_leaves=37
num_cat=0
split_feature=15 145 38 23 169 191 120 178 33 33 4 165 151 182 155 30 146 84 56 80 21 21 47 56 124 124 205 145 1 222 128 172 138 202 162 124
split_gain=4.99113e+07 5.45666e+06 488260 829268 240580 227320 13657.2 13656.8 6527.22 18028.2 5438.97 3544.57 12500 5312.22 6239.67 3264.15 2765.09 2743.56 3913.61 1860.75 1459.38 3108.19 1029.99 1641.78 1101.02 1071.61 1446.4 1040.95 825.689 712.876 576.749 525.514 504.601 654.311 314.163 236.345
threshold=0.24106831276668619 -87.713041924653012 2.0704732191157551 -74.53050608358312 -26.323416230161524 61.601511622336915 27.481535356949578 10.590261020089004 0.057969607142857156 0.053058535714285683 490432.25000000006 30.503111877248877 9.3521341740480857 -19.058403146764295 -10.185929166954311 43.702672670635941 -18.426968796250851 183.45000000000002 0.51432525872455159 1.0000000180025095e-35 -19.903133110863916 -15.384342093522838 0.0026211070243121449 2.0611949654127444 0.94132194759532661 0.97079807734334256 0.7202891511320535 17.352802419425092 1.7050000000000003 -0.16329947079182691 29.99821330818563 23.326252831920105 0.61728395061728492 0.084063856659815597 0.52878244005911779 0.55695299486029948
decision_type=2 2 2 2 2 2 2 2 2 2 2 2 2 2 2 2 2 2 2 2 2 2 2 2 2 2 2 2 2 2 2 2 2 2 2 2
left_child=-1 -2 5 -4 -5 -3 7 -6 9 10 15 12 -10 -13 -15 -9 -16 18 -18 -14 -20 -22 25 31 35 26 27 -23 -27 -30 32 -24 33 -28 -34 -25
right_child=1 2 3 4 6 -7 -8 8 11 -11 -12 13 19 14 16 -17 17 -19 20 -21 21 22 23 24 -26 28 30 -29 29 -31 -32 -33 34 -35 -36 -37
leaf_value=61.794315510411415 -23.452942808916173 -3.6298138389220607 6.2985832862555986 -6.1332389652729038 -2.7473846773947441 -9.0953640222549446 -2.7591154992580416 -1.8214559431998962 -0.62792633697390565 -0.39929643935627412 -2.2295818964640302 -2.4156593068440757 -1.9992544676395174 -1.0944952792591518 -2.1894479777361897 -1.1215163581901126 -1.163035855293274 -2.1015819568260041 -2.0816196964633078 -1.5094159444173179 -1.2417878104794411 -1.6902536361448228 -2.1039332801220465 -1.7419725725727699 -1.5410652272841512 -1.9917280981275771 -1.4383364489204007 -1.3170005161711511 -1.6164324924863618 -1.8688824371055324 -1.8805458632382479 -1.874646587761081 -1.8669761090665251 -1.7507026259104412 -1.6492434008916221 -1.9259065294265747
leaf_weight=31 30 52 32 32 31 30 32 31 32 36 33 30 47 36 37 36 30 51 31 33 31 31 51 31 51 45 38 47 58 54 44 49 37 30 30 40
leaf_count=31 30 52 32 32 31 30 32 31 32 36 33 30 47 36 37 36 30 51 31 33 31 31 51 31 51 45 38 47 58 54 44 49 37 30 30 40
internal_value=-0.943035 -2.36368 -1.89118 -1.64731 -1.85488 -5.62941 -1.74012 -1.71203 -1.68363 -1.35875 -1.70416 -1.72808 -1.46312 -1.76173 -1.7387 -1.44537 -1.76712 -1.74706 -1.72223 -1.7972 -1.74626 -1.73067 -1.7545 -1.8414 -1.71829 -1.70791 -1.64504 -1.46534 -1.81083 -1.73815 -1.72334 -1.99158 -1.6721 -1.57615 -1.76948 -1.8456
internal_weight=1400 1369 1339 1257 1225 82 1193 1161 1130 136 100 994 112 882 852 67 816 779 728 80 698 667 636 222 122 414 257 78 157 112 179 100 135 68 67 71
internal_count=1400 1369 1339 1257 1225 82 1193 1161 1130 136 100 994 112 882 852 67 816 779 728 80 698 667 636 222 122 414 257 78 157 112 179 100 135 68 67 71
is_linear=0
shrinkage=0.05


Tree=17
num_leaves=39
num_cat=0
split_feature=169 0 23 141 9 61 216 188 44 128 15 219 221 169 118 161 135 11 172 219 198 219 205 207 36 215 128 115 113 58 142 172 37 205 11 165 216 205
split_gain=4.61095e+07 8.39394e+06 259288 94750.3 47589 49255.6 27476.1 21517.4 9867.68 8696.02 11956.9 14547.5 25179.7 7529.43 6808.06 4276.25 4560 3612.06 1877.34 1484.52 2475.67 1105.97 1048.67 906.57 1044.51 903.27 871.625 1300.25 817.915 633.972 559.375 557.385 453.974 434.65 428.849 371.077 266.527 235.777
threshold=-27.968939967277564 0.13745000000000002 -79.328543479727429 -0.41919809550507586 0.43552853750000003 97090.326799999995 0.99999961122701253 8.3411736330834216 -0.061509535276812376 29.99821330818563 1.516472827176603 0.36758910466111488 0.30503294214241966 -11.780609133988129 13.249478860193959 7.1016528372002927 57.891558598890022 -8.8413019556783592 17.257580264760815 -0.08065789875464506 1.0037245803340116 0.54251577813040608 0.33031114918877147 1.4683528838161297 14.28571428571429 12.677031413300268 -23.179808830054313 69.961359872040873 3.3857750698414724 0.2288221964446405 -1.4011994869347533 23.386999005609031 7.4336918815622459 1.0854836774857974 0.41490736363000524 42.67648623580606 0.35483869823101027 1.8339281182739777
decision_type=2 2 2 2 2 2 2 2 2 2 2 2 2 2 2 2 2 2 2 2 2 2 2 2 2 2 2 2 2 2 2 2 2 2 2 2 2 2
left_child=-1 -2 -3 -4 5 -5 9 8 -8 10 11 13 -13 -6 18 16 21 -16 -11 -15 -21 26 29 24 25 31 30 35 -27 -20 33 -24 37 -12 -32 -28 -37 -30
right_child=1 2 3 4 6 -7 7 -9 -10 14 15 12 -14 19 17 -17 -18 -19 22 20 -22 -23 23 -25 -26 28 27 -29 32 -31 34 -33 -34 -35 -36 36 -38 -39
leaf_value=56.619900636111993 -27.238146972656253 2.6660701245972604 -4.4668377616188746 -1.7393677284941078 -0.80159748502679773 -4.5594260072708135 -2.4335884364446008 -1.5285729487737021 -3.7160134045283004 -1.3937981921693554 -1.9631685170260345 0.48204763094584147 -1.534252617508173 -1.7986774235440972 -1.873390048162805 -2.2217213571071626 -1.0490093901753426 -2.5867217118399486 -1.3802646176020306 -1.2068625685903762 -1.7180578193664553 -1.9449208512025722 -1.7597640805128145 -2.0319841639200846 -1.4691593839276222 -2.0167988320191701 -1.5151325408150169 -1.3040735947458368 -1.7794925244649253 -1.7002021089196206 -1.5349405369975351 -1.4881022262573245 -1.8751881122589111 -1.710236785071237 -1.7801013024648034 -1.6236893092884739 -1.8281596342722577 -1.5843817934393885
leaf_weight=34 33 33 33 32 37 30 30 36 30 46 33 30 32 57 36 32 32 35 30 45 50 34 41 30 31 48 34 38 30 32 44 35 56 35 30 34 30 32
leaf_count=34 33 33 33 32 37 30 30 36 30 46 33 30 32 57 36 32 32 35 30 45 50 34 41 30 31 48 34 38 30 32 44 35 56 35 30 34 30 32
internal_value=-0.895883 -2.32746 -1.71077 -1.82187 -1.75298 -3.10391 -1.68347 -2.49497 -3.0748 -1.61323 -1.49047 -1.22323 -0.558623 -1.44125 -1.77292 -1.66887 -1.61744 -2.22503 -1.69481 -1.59695 -1.47591 -1.67574 -1.73275 -1.77109 -1.74242 -1.77742 -1.64282 -1.55235 -1.84278 -1.54539 -1.72946 -1.63466 -1.772 -1.83298 -1.63433 -1.64862 -1.71953 -1.67879
internal_weight=1400 1366 1333 1300 1267 62 1205 96 60 1109 627 251 62 189 482 376 344 71 411 152 95 312 365 303 273 242 278 136 166 62 142 76 118 68 74 98 64 62
internal_count=1400 1366 1333 1300 1267 62 1205 96 60 1109 627 251 62 189 482 376 344 71 411 152 95 312 365 303 273 242 278 136 166 62 142 76 118 68 74 98 64 62
is_linear=0
shrinkage=0.05


Tree=18
num_leaves=37
num_cat=0
split_feature=15 145 169 204 164 78 13 30 128 145 114 111 213 12 37 138 120 224 165 188 9 111 222 153 216 167 39 91 150 71 158 168 188 145 61 19
split_gain=4.59209e+07 4.82564e+06 817360 511586 340629 100873 45104.3 9776.59 6392.96 11727.9 5813.58 5162.97 2561.02 2426.05 2130.19 1988.19 2078.29 2197.76 1986.5 3132.55 1975.46 1756.26 1150.49 1375.98 1116.46 1061.14 891.345 863.994 736.003 611.977 541.044 501.461 525.915 472.082 467.458 389.64
threshold=0.24106831276668619 -87.713041924653012 -27.474677698595155 -7.6109767439454084 -53.471366157574145 4.5000000000000009 -55.467148411994557 225.96993910237751 31.401593884570115 -26.834791064219864 0.16878241587171958 -1.7133981920593528 -172.48220451354211 -19.651110966394189 12.785406280879402 0.22925791515454938 6.3246693215758834 -37.833092650523895 45.407761632453109 28.761829449265345 0.98931323333333343 0.42138744875465001 -0.44801223125751549 -26.391609969331128 0.66619362410155791 13.999385300349855 31.223858719205094 0.087628865979381451 99.999999999999957 2.3125229189585634 -29.999999999999996 16.828706002595304 28.761829449265345 25.624994581009073 54795.843900000007 -0.84569998212050679
decision_type=2 2 2 2 2 2 2 2 2 2 2 2 2 2 2 2 2 2 2 2 2 2 2 2 2 2 2 2 2 2 2 2 2 2 2 2
left_child=-1 -2 -3 -4 -5 6 -6 8 9 -8 11 -11 -13 -14 15 21 25 -18 19 24 -20 -10 -19 -24 26 -17 -15 31 29 35 -30 -25 -33 -28 -27 -22
right_child=1 2 3 4 5 -7 7 -9 14 10 -12 12 13 18 -16 16 17 22 20 -21 28 -23 23 27 -26 34 33 -29 30 -31 -32 32 -34 -35 -36 -37
leaf_value=59.326128285930999 -22.046170520782471 -9.4227759084280809 4.7763890212582005 -6.5888292721339639 0.39137021168585751 -3.7004420148001778 -0.58431311011314391 -2.4030363023281098 -1.6394359942405456 -0.87245111147562671 -0.89377425124005583 -1.1454925678871775 -2.0125415865580241 -1.456527995637485 -2.0624606418609619 -1.2468135472499964 -2.1460472520192466 -1.9504944517805769 -2.0263472652435306 -1.0564125709755476 -1.680399599442115 -1.1153325933398623 -1.3461970670148731 -1.8161400477091474 -1.3180732165442572 -1.4586399677726958 -1.6044920250773431 -1.8837117671966555 -1.803338674262718 -1.3561476635932923 -1.5385079789161684 -1.6914717056133128 -1.4652411295443166 -1.8579027147854079 -1.7100682572314616 -1.471331057793055
leaf_weight=31 30 34 31 35 31 54 40 32 31 30 41 37 30 56 30 33 30 37 30 43 52 33 32 30 45 36 40 48 54 40 30 54 49 34 38 39
leaf_count=31 30 34 31 35 31 54 40 32 31 30 41 37 30 56 30 33 30 37 30 43 52 33 32 30 45 36 40 48 54 40 30 54 49 34 38 39
internal_value=-0.851089 -2.21376 -1.76942 -1.57002 -1.72444 -1.58703 -1.49073 -1.54128 -1.51671 -1.41332 -1.46849 -1.51057 -1.54669 -1.5768 -1.65449 -1.62735 -1.67004 -1.74167 -1.54857 -1.43878 -1.64626 -1.3692 -1.69314 -1.64844 -1.53273 -1.4826 -1.60703 -1.70187 -1.59323 -1.51915 -1.70876 -1.63624 -1.58385 -1.72092 -1.58775 -1.5908
internal_weight=1400 1369 1339 1305 1274 1239 1185 1154 1122 641 601 560 530 493 481 451 387 280 463 218 245 64 250 213 175 107 130 181 215 131 84 133 103 74 74 91
internal_count=1400 1369 1339 1305 1274 1239 1185 1154 1122 641 601 560 530 493 481 451 387 280 463 218 245 64 250 213 175 107 130 181 215 131 84 133 103 74 74 91
is_linear=0
shrinkage=0.05


Tree=19
num_leaves=37
num_cat=0
split_feature=33 0 164 78 23 169 21 217 128 33 33 151 72 133 72 21 120 218 223 13 119 83 187 179 23 87 119 219 220 158 115 178 198 31 62 128
split_gain=4.24497e+07 3.95743e+06 961676 257655 119735 29333.3 11764.4 13834.4 6751.27 6078.94 14330.9 5409.78 7310.13 2749.59 2917.23 4237.2 5977.04 1397.62 1130.99 1075.85 1512.08 1424.18 1606.02 1337.31 996.732 989.132 833.169 708.018 1307.31 1685.62 483.367 403.505 256.99 234.454 179.322 178.769
threshold=0.023667821428571462 0.22330000000000003 -58.772052338277 5.5000000000000009 -77.559916046628146 -25.227481388577903 52.902712724434025 241.4127069153088 821.44700564855668 0.057969607142857156 0.053058535714285683 0.22268988566683914 3.6179520601007371 -10.341537611014369 4.9790727623953694 -12.452846790890268 7.0645247637413888 0.38271604741401216 15.000000000000002 -16.495404789510967 1.215103418065034 117.05000000000001 33.382961371456005 31.687532808778737 -36.034343825041489 14.950528620082954 0.53204160038019832 0.57197222238671641 0.22709873150288831 -49.999999999999993 53.79211881085282 36.728925988190376 0.84377086435789261 35.911321847831708 145319.29460000005 -24.222856112653158
decision_type=2 2 2 2 2 2 2 2 2 2 2 2 2 2 2 2 2 2 2 2 2 2 2 2 2 2 2 2 2 2 2 2 2 2 2 2
left_child=-1 -2 -3 4 -4 -6 7 8 9 10 18 12 17 25 15 16 -15 31 -7 21 27 22 23 -17 -18 26 -13 28 30 -30 32 -11 33 -21 -35 -31
right_child=1 2 3 -5 5 6 -8 -9 -10 11 -12 13 -14 14 -16 19 24 -19 -20 20 -22 -23 -24 -25 -26 -27 -28 -29 29 35 -32 -33 -34 34 -36 -37
leaf_value=56.117580522596839 -20.099912129243215 -10.588603795369467 1.6425706967230767 -6.1147107203801481 -3.0477848800023399 -1.2510088565501762 -2.4430160506566367 -0.38038582483927413 -2.0137997141590827 -1.6333566925742411 -0.25631795746939523 -1.8656566789073328 -0.5839551295552935 -0.70355762720108039 -1.842463228258036 -1.6593128392190644 -1.2688959025094908 -1.2042241111668675 -1.5864485299145734 -1.4728774254138655 -1.2520695104933621 -1.3844526502821182 -1.4534286868187689 -2.1029712840488979 -1.6616504417146958 -2.0320972824096679 -1.4990750128223052 -1.7223168418520975 -1.0862850531935693 -1.5878820766102184 -1.7049014543232166 -1.4020669590343129 -1.4101106864033324 -1.5399333030946796 -1.7050699343000142 -1.4353736431702324
leaf_weight=32 30 30 31 30 30 47 30 30 54 44 35 31 35 40 59 33 30 55 54 39 57 36 31 35 35 30 31 42 36 33 57 33 33 31 35 46
leaf_count=32 30 30 31 30 30 47 30 30 54 44 35 31 35 40 59 33 30 55 54 39 57 36 31 35 35 30 31 42 36 33 57 33 33 31 35 46
internal_value=-0.808534 -2.14014 -1.73745 -1.53445 -1.42693 -1.50323 -1.46516 -1.44045 -1.46793 -1.44121 -1.12821 -1.48523 -1.22639 -1.53926 -1.50585 -1.47525 -1.18445 -1.39673 -1.43035 -1.53137 -1.49098 -1.65376 -1.75169 -1.88767 -1.48038 -1.79641 -1.68237 -1.52966 -1.50356 -1.36986 -1.58241 -1.53423 -1.53182 -1.57007 -1.62751 -1.49908
internal_weight=1400 1368 1338 1308 1278 1247 1217 1187 1157 1103 136 967 167 800 708 649 105 132 101 544 409 135 99 68 65 92 62 352 310 115 195 77 138 105 66 79
internal_count=1400 1368 1338 1308 1278 1247 1217 1187 1157 1103 136 967 167 800 708 649 105 132 101 544 409 135 99 68 65 92 62 352 310 115 195 77 138 105 66 79
is_linear=0
shrinkage=0.05


Tree=20
num_leaves=35
num_cat=0
split_feature=5 169 187 3 78 206 71 221 163 23 17 172 206 50 221 31 3 207 34 55 171 205 219 202 87 37 215 183 199 24 214 156 39 169
split_gain=1.37396e+08 924355 372997 483232 113778 25644.4 38909.4 57151.9 16260.7 7634.38 6563.99 3472.25 3086.74 4574.84 3924.72 2079.5 3468.08 2105.14 1961.1 1570.72 1407.6 1363.8 1127.79 962.33 795.005 909.512 755.576 753.913 661.174 628.676 862.351 559.781 525.145 135.28
threshold=0.15264999999999998 -27.968939967277564 5.4181236821319816 0.24740000000000004 4.5000000000000009 15.644290064593021 10.690476190476192 0.070799678088793616 -1.9886507324823997 -56.270695364238399 1.5000000000000002 32.685437577587344 -1.2408753074842844 -2.0280682083169572 0.58048085993414633 62.996212153962524 1.3050000000000004 0.24620126867105677 10.966340966570638 1.5909069446937749 0.82694963151705758 2.8169014005157678 0.24225344198962742 -0.10832490547613609 17.254223814558944 6.1399276726963636 13.771806751175697 36.55015061371968 2.1455081156421767 0.90327036178934239 38.537314748379693 14.000000000000002 40.639426179543996 0.38790499049130217
decision_type=2 2 2 2 2 2 2 2 2 2 2 2 2 2 2 2 2 2 2 2 2 2 2 2 2 2 2 2 2 2 2 2 2 2
left_child=-1 -2 -3 -4 5 6 8 -8 -5 -10 11 12 14 -14 15 16 -11 19 20 27 24 -19 26 -20 25 32 -21 -17 -27 -18 -31 -28 -15 -32
right_child=1 2 3 4 -6 -7 7 -9 9 10 -12 -13 13 18 -16 17 29 21 23 22 -22 -23 -24 -25 -26 28 31 -29 -30 30 33 -33 -34 -35
leaf_value=104.76126246298514 -10.112647354602814 3.5076791716946496 -7.624753602345784 -2.3330774510900181 -3.8302171688079834 -2.728493082863944 -1.336085639285798 1.434938089052836 -0.67624955409102983 -0.87393650192963457 -0.79016682267189031 -1.0726546107838721 -2.1743180497487389 -1.5989669968100158 -0.91016867768306009 -1.8161047533154488 -1.2348925633308214 -1.5729893067303826 -1.9749686050415041 -1.4726594988505046 -1.158294687126622 -1.9978452491760255 -1.5384622591513175 -1.6041914099738712 -1.2942065460814369 -1.7780751930092866 -1.0680906598238236 -1.4672128009796144 -1.4980499471936908 -1.6473077297210694 -1.4222432494163515 -1.3392151921987534 -1.3522575717861371 -1.2830862122197306
leaf_weight=31 32 36 33 48 50 35 49 30 36 38 40 59 30 34 39 32 39 51 30 30 33 30 54 42 36 53 47 30 35 42 40 32 59 31
leaf_count=31 32 36 33 48 50 35 49 30 36 38 40 59 30 34 39 32 39 51 30 30 33 30 54 42 36 53 47 30 35 42 40 32 59 31
internal_value=0.699262 -1.71716 -1.51098 -1.65357 -1.49389 -1.39523 -1.35462 -0.283798 -1.43368 -1.39144 -1.41755 -1.44408 -1.46878 -1.58377 -1.39312 -1.4311 -1.30117 -1.51177 -1.52875 -1.43308 -1.46253 -1.73034 -1.35161 -1.75868 -1.5088 -1.55148 -1.25904 -1.64729 -1.6667 -1.40798 -1.46772 -1.17791 -1.44245 -1.36148
internal_weight=1366 1335 1303 1267 1234 1184 1149 79 1070 1022 986 946 887 352 535 496 190 306 322 225 250 81 163 72 217 181 109 62 88 152 113 79 93 71
internal_count=1366 1335 1303 1267 1234 1184 1149 79 1070 1022 986 946 887 352 535 496 190 306 322 225 250 81 163 72 217 181 109 62 88 152 113 79 93 71
is_linear=0
shrinkage=0.05


Tree=21
num_leaves=35
num_cat=0
split_feature=2 55 168 23 78 168 35 198 63 161 117 117 49 84 217 72 31 191 8 163 8 1 221 215 61 111 65 156 205 63 193 117 62 122
split_gain=1.30484e+08 1.06211e+06 465471 371753 84474 28602.2 7539.11 8243.29 15150.1 58823.4 5457.74 11894.7 4006.78 3982.73 3260.86 2606.92 2146.19 1882.9 2095.68 1408.24 1391.34 913.04 836.947 697.451 646.804 637.1 488.393 639.523 628.825 472.226 290.156 289.777 248.714 193.311
threshold=0.11190000000000001 0.38274024664932488 38.294519767764498 -77.559916046628146 4.5000000000000009 34.708665007119144 0.57345207701164325 0.50595337487839853 127129.69961666668 1.244920945402437 79.745085358702752 70.764357413170828 13.067948381169012 83.178950000000015 157.26003049514472 6.044980484519713 102.40149085494677 60.85691105326142 1.2562441666666668 -0.37850920391885307 1.6267500000000001 0.89790000000000014 0.42285483268508245 17.574991664143514 990683.40100000007 1.2081066951750963 0.18744533674556643 6.0000000000000009 0.73385535958536219 299578.49495000002 -3.6575580574934885 58.097870771045827 993524.14175000018 1.1758656746083196
decision_type=2 2 2 2 2 2 2 2 2 2 2 2 2 2 2 2 2 2 2 2 2 2 2 2 2 2 2 2 2 2 2 2 2 2
left_child=-1 -2 3 -3 5 6 12 15 9 19 11 -10 -5 14 20 17 23 18 -8 -9 21 -12 25 30 -22 26 27 29 -28 -20 -14 -30 33 -29
right_child=1 2 -4 4 -6 -7 7 8 10 -11 13 -13 16 -15 -16 -17 -18 -19 22 -21 24 -23 -24 -25 -26 -27 28 32 31 -31 -32 -33 -34 -35
leaf_value=102.07500008613833 -10.837434848662348 3.5633617482687301 -6.8532074454503196 -2.0842991342415682 -3.5368265760705828 -2.6115744135114882 -1.6995464459332554 -1.4944085870470321 -1.4451723048561498 1.0585065941015879 -1.4383463011847604 -0.31195754821483912 -1.5484485220401847 -1.8497652188591336 -0.87935078360817664 -1.8279236098698206 -1.8257420426920843 -1.0569047964200742 -1.011143799984094 -1.115333862268195 -1.1061923518776895 -1.7944518725077314 -1.6004823630196707 -1.1931758172810079 -1.4016271547837693 -1.5626740900675458 -1.2253821798273037 -1.3193691759574706 -1.3592619895935059 -1.2766568001578837 -1.34941712697347 -1.5477078437805176 -1.2241000919572769 -1.4806184516233558
leaf_weight=31 31 38 39 37 47 45 55 49 57 36 45 39 47 46 33 35 38 41 33 49 32 30 35 32 44 30 37 41 34 34 30 51 31 34
leaf_count=31 31 38 39 37 47 45 55 49 57 36 45 39 47 46 33 35 38 41 33 49 32 30 35 32 44 30 37 41 34 34 30 51 31 34
internal_value=0.664299 -1.69056 -1.47311 -1.30724 -1.45808 -1.37528 -1.32627 -1.26958 -1.1175 -0.669934 -1.30147 -0.984804 -1.61923 -1.43364 -1.32961 -1.41207 -1.50217 -1.38015 -1.41209 -1.30487 -1.42801 -1.58079 -1.36817 -1.38937 -1.27723 -1.34315 -1.32083 -1.2668 -1.39744 -1.14588 -1.4709 -1.47233 -1.34323 -1.39247
internal_weight=1366 1335 1304 1265 1227 1180 1135 951 460 134 326 96 184 230 184 491 147 456 415 98 151 75 360 109 76 325 295 173 122 67 77 85 106 75
internal_count=1366 1335 1304 1265 1227 1180 1135 951 460 134 326 96 184 230 184 491 147 456 415 98 151 75 360 109 76 325 295 173 122 67 77 85 106 75
is_linear=0
shrinkage=0.05


end of trees

feature_importances:
return_60d=19
Open=15
adv_tv_supertrend_dist=14
adv_tv_ht_dcperiod=13
volume_ma_5=12
adv_volatility_60=12
a158_corr_close_vol_10=12
ma_60_bias=11
volatility_change=11
a158_gap_sum_5=11
a158_high_low_ratio_20=11
volume_ma_20=10
adv_volume_momentum=10
adv_ma_slope_10=10
adv_adx_14=10
adv_tv_di_spread=10
a158_gap_abs=10
a158_high_low_ratio_5=10
a158_corr_ret_vol_20=10
Volume=9
atr_14=9
body_size=9
adv_rs_5_20=9
adv_momentum_acceleration=9
a158_kdj_d_14=9
a158_return_skew_60=9
a158_corr_ret_vol_10=9
a158_corr_close_vol_20=9
ma_60=8
bb_lower=8
upper_shadow_pct=8
adv_true_range_pct=8
adv_tv_sar_dist=8
adv_tv_aroon_osc=8
adv_tv_minus_di=8
adv_tv_ht_sine=8
a158_return_kurt_60=8
Close=7
ma_5=7
ma_120=7
return_10d=7
momentum_60=7
intraday_range_ma=7
volume_ma_60=7
consecutive_down=7
blue_weekly=7
adv_volatility_10=7
adv_tv_cmo=7
adv_tv_plus_di=7
a158_vol_ma5_ma20_ratio=7
ma_5_bias=6
ema_26=6
volatility_60d=6
rsi_14=6
macd_signal=6
blue_daily=6
adv_vol_ratio=6
adv_obv_slope_10=6
adv_tv_kama_dist=6
adv_tv_trix=6
a158_rsi_24=6
a158_return_skew_20=6
a158_return_kurt_20=6
volatility_20d=5
intraday_range=5
rsi_6=5
kdj_d=5
volume_ratio=5
adv_ma_slope_20=5
adv_tv_kama_slope=5
adv_tv_squeeze_mom=5
adv_tv_hull_dist=5
a158_rsi_12=5
a158_macd_dif_pct=5
a158_kdj_j_14=5
a158_vwap_bias=5
a158_price_efficiency_20=5
a158_chaikin_vol=5
High=4
Low=4
ma_10=4
return_20d=4
momentum_accel=4
volatility_5d=4
atr_14_pct=4
bb_upper=4
adv_tv_ichimoku_tenkan=4
adv_tv_ichimoku_kijun=4
adv_tv_ultosc=4
a158_bband_upper_dist_20=4
a158_bband_lower_dist_20=4
a158_return_mean_60=4
a158_gap=4
a158_mfi_14=4
a158_price_efficiency_5=4
return_1d=3
macd=3
macd_hist_trend=3
bb_width=3
obv_ma=3
lower_shadow_pct=3
adv_atr_pct=3
adv_relative_volume_20=3
adv_trend_volume_interaction=3
adv_tv_stochrsi_d=3
adv_tv_aroon_up=3
adv_tv_hull_slope=3
a158_kdj_k_14=3
a158_vol_skew_20=3
a158_turnover_chg_5=3
return_5d=2
macd_hist=2
kdj_j=2
volume_change=2
fund_market_cap_log=2
adv_price_position_60=2
adv_vol_deviation=2
adv_ma_distance_20=2
adv_shadow_ratio=2
adv_momentum_volatility=2
adv_trend_strength_direction=2
adv_tv_ichimoku_cloud=2
a158_kdj_d_9=2
a158_cci_20=2
ma_20_bias=1
ma_5_10_cross=1
momentum_10=1
bb_position=1
near_low_20=1
fund_industry_hash=1
adv_roc_5=1
adv_volatility_20=1
adv_lower_wick=1
adv_ma_distance_60=1
adv_tv_stochrsi_k=1
adv_tv_bop=1
a158_bias_5=1
a158_macd_dif=1
a158_macd_dea=1
a158_kdj_k_9=1
a158_up_ratio_20=1
a158_willr_28=1
a158_strong_day_ratio_10=1

parameters:
[boosting: gbdt]
[objective: regression]
[metric: l1]
[tree_learner: serial]
[device_type: cpu]
[data_sample_strategy: bagging]
[data: ]
[valid: ]
[num_iterations: 500]
[learning_rate: 0.05]
[num_leaves: 63]
[num_threads: 0]
[seed: 42]
[deterministic: 0]
[force_col_wise: 0]
[force_row_wise: 0]
[histogram_pool_size: -1]
[max_depth: -1]
[min_data_in_leaf: 30]
[min_sum_hessian_in_leaf: 0.001]
[bagging_fraction: 0.8]
[pos_bagging_fraction: 1]
[neg_bagging_fraction: 1]
[bagging_freq: 5]
[bagging_seed: 400]
[bagging_by_query: 0]
[feature_fraction: 0.7]
[feature_fraction_bynode: 1]
[feature_fraction_seed: 30056]
[extra_trees: 0]
[extra_seed: 12879]
[early_stopping_round: 0]
[early_stopping_min_delta: 0]
[first_metric_only: 0]
[max_delta_step: 0]
[lambda_l1: 0]
[lambda_l2: 0]
[linear_lambda: 0]
[min_gain_to_split: 0]
[drop_rate: 0.1]
[max_drop: 50]
[skip_drop: 0.5]
[xgboost_dart_mode: 0]
[uniform_drop: 0]
[drop_seed: 17869]
[top_rate: 0.2]
[other_rate: 0.1]
[min_data_per_group: 100]
[max_cat_threshold: 32]
[cat_l2: 10]
[cat_smooth: 10]
[max_cat_to_onehot: 4]
[top_k: 20]
[monotone_constraints: ]
[monotone_constraints_method: basic]
[monotone_penalty: 0]
[feature_contri: ]
[forcedsplits_filename: ]
[refit_decay_rate: 0.9]
[cegb_tradeoff: 1]
[cegb_penalty_split: 0]
[cegb_penalty_feature_lazy: ]
[cegb_penalty_feature_coupled: ]
[path_smooth: 0]
[interaction_constraints: ]
[verbosity: -1]
[saved_feature_importance_type: 0]
[use_quantized_grad: 0]
[num_grad_quant_bins: 4]
[quant_train_renew_leaf: 0]
[stochastic_rounding: 1]
[linear_tree: 0]
[max_bin: 255]
[max_bin_by_feature: ]
[min_data_in_bin: 3]
[bin_construct_sample_cnt: 200000]
[data_random_seed: 175]
[is_enable_sparse: 1]
[enable_bundle: 1]
[use_missing: 1]
[zero_as_missing: 0]
[feature_pre_filter: 1]
[pre_partition: 0]
[two_round: 0]
[header: 0]
[label_column: ]
[weight_column: ]
[group_column: ]
[ignore_column: ]
[categorical_feature: ]
[forcedbins_filename: ]
[precise_float_parser: 0]
[parser_config_file: ]
[objective_seed: 16083]
[num_class: 1]
[is_unbalance: 0]
[scale_pos_weight: 1]
[sigmoid: 1]
[boost_from_average: 1]
[reg_sqrt: 0]
[alpha: 0.9]
[fair_c: 1]
[poisson_max_delta_step: 0.7]
[tweedie_variance_power: 1.5]
[lambdarank_truncation_level: 30]
[lambdarank_norm: 1]
[label_gain: ]
[lambdarank_position_bias_regularization: 0]
[eval_at: ]
[multi_error_top_k: 1]
[auc_mu_weights: ]
[num_machines: 1]
[local_listen_port: 12400]
[time_out: 120]
[machine_list_filename: ]
[machines: ]
[gpu_platform_id: -1]
[gpu_device_id: -1]
[gpu_use_dp: 0]
[num_gpu: 1]

end of parameters

pandas_categorical:null
